Multiple size <= 100
TEST 1 ARG:36 82 94 55 0 8 57 22 85 2 73 96 23 83 14 24 5 88 98 99 30 34 80 69 49 71 39 67 43 68 33 31 19 25 15 7 95 28 53 48 89 66 56 18 41 72 1 51 54 42 59 50 13 97 38 45 3 10 63 4 52 84 91 87 92 93 65 40 90 29 74 70 6 46 16 27 86 78 58 81 35 76 9 60 11 17 20 64 37 61 21 44 62 79 77 26 47 12 32 75
TEST 2 ARG:11 79 65 77 46 24 70 60 98 44 84 19 62 68 35 71 27 39 83 90 28 1 80 9 52 95 86 50 7 48 74 15 42 76 94 23 25 66 99 4 69 59 87 18 26 6 78 61 36 2 81 96 13 17 8 89 14 22 47 41 51 85 63 43 67 37 88 32 33 54 5 20 72 75 12 10 91 53 57 38 45 16 29 31 56 3 55 73 34 97 93 58 21 64 92 82 0 49 40 30
TEST 3 ARG:74 29 51 5 22 11 43 89 34 60 81 96 21 65 37 12 4 61 8 10 3 52 94 55 45 41 77 28 63 42 47 1 82 78 70 49 64 87 38 40 85 56 35 58 53 26 75 88 39 6 44 13 17 97 62 68 80 93 99 27 24 90 9 57 92 95 69 23 7 14 83 16 73 48 46 25 19 0 86 91 66 67 76 36 2 59 50 15 84 79 72 18 71 98 32 33 31 30 20 54
TEST 4 ARG:73 70 22 37 4 77 45 13 24 49 59 16 2 42 53 88 12 58 26 60 11 78 0 92 5 87 71 75 47 84 89 48 43 91 18 21 62 28 96 56 50 8 15 68 93 61 79 25 17 3 81 74 66 72 14 82 27 54 7 99 35 29 32 19 98 80 41 85 64 94 52 38 33 30 57 9 36 67 10 40 20 34 65 76 46 23 63 95 44 1 51 83 6 86 55 90 39 97 69 31
TEST 5 ARG:12 74 80 30 39 4 95 60 69 82 11 89 83 62 48 45 76 97 0 26 65 38 66 10 75 9 25 93 46 32 55 59 88 94 1 54 13 8 78 99 34 16 67 92 36 57 18 43 50 86 15 28 73 96 42 51 6 81 19 35 21 98 72 14 84 37 29 5 71 3 53 44 79 27 61 87 24 58 41 91 56 22 68 47 52 20 77 70 49 2 33 23 40 7 64 85 63 90 31 17
TEST 6 ARG:82 44 68 43 55 97 72 87 84 88 0 91 37 35 73 90 4 47 57 16 11 3 31 67 27 81 33 24 95 65 59 94 20 19 78 7 77 49 17 71 12 15 69 45 80 60 13 63 9 25 70 46 92 86 5 85 42 53 28 48 40 99 51 2 10 76 34 32 83 98 93 52 30 89 26 79 38 56 21 6 62 61 58 22 50 14 74 96 1 23 75 39 54 64 66 18 36 8 41 29
TEST 7 ARG:90 37 28 74 43 83 38 4 59 65 75 12 96 67 98 95 54 10 97 66 36 8 32 25 76 7 88 14 13 22 39 78 48 27 80 52 23 79 94 1 81 55 11 92 62 60 19 99 40 6 50 2 64 58 31 47 85 51 45 57 42 20 30 91 86 21 9 3 44 69 16 73 61 5 26 46 84 49 35 24 33 29 0 72 41 56 82 63 70 53 68 87 93 77 34 71 17 89 15 18
TEST 8 ARG:53 25 55 10 82 88 80 15 56 63 73 34 98 42 64 79 16 46 12 69 13 85 62 95 99 87 38 75 9 5 91 27 93 70 7 44 92 0 22 28 90 68 20 40 14 52 4 1 71 17 36 78 72 97 50 32 66 29 65 54 31 89 24 43 60 77 26 30 21 86 37 18 57 84 83 8 3 51 59 74 67 35 39 23 41 47 94 19 6 33 76 81 11 96 45 58 61 48 2 49
TEST 9 ARG:31 88 51 86 26 92 54 11 73 50 36 25 83 82 44 0 29 34 8 27 99 62 41 14 39 84 52 67 40 78 7 95 17 90 9 74 38 21 66 97 3 10 45 22 37 59 42 55 43 35 1 60 57 6 64 24 65 71 93 89 69 85 79 58 96 91 28 13 32 75 70 76 30 61 18 2 63 53 49 19 16 68 81 23 47 5 77 94 56 87 46 33 15 48 4 12 98 20 80 72
TEST 10 ARG:34 0 93 67 47 74 16 13 59 78 89 36 30 79 64 76 40 80 82 55 43 69 20 83 97 56 95 94 8 77 28 65 48 41 49 2 27 85 44 58 14 7 22 4 45 71 52 98 81 32 72 31 90 29 10 75 18 46 9 96 19 66 21 42 99 57 38 12 39 68 84 54 6 60 87 11 70 17 15 23 5 26 3 61 51 35 1 91 92 37 50 62 73 24 88 25 33 63 86 53
TEST 11 ARG:92 96 88 95 81 64 33 6 74 87 69 59 8 19 14 99 58 25 57 37 98 73 79 13 15 2 63 55 75 91 76 97 24 16 54 43 49 5 26 20 9 83 45 60 1 56 48 22 0 51 50 94 36 86 29 18 4 90 72 40 38 3 44 89 66 65 77 85 78 46 23 28 35 31 17 12 62 30 47 34 93 53 10 39 27 80 84 11 82 61 52 71 21 41 7 70 32 68 67 42
TEST 12 ARG:23 48 85 22 77 73 74 37 50 29 81 70 53 15 11 65 63 91 99 47 6 96 84 27 36 88 18 40 93 16 42 19 26 20 14 35 43 33 38 75 83 5 17 32 87 94 31 28 57 69 56 4 3 7 8 51 90 68 1 9 97 30 21 59 13 54 67 98 0 10 79 80 61 58 46 41 66 39 25 2 76 52 92 72 71 49 12 82 64 45 86 78 60 55 24 44 62 89 34 95
TEST 13 ARG:9 70 41 6 88 17 20 78 91 29 28 16 87 3 27 92 10 72 73 99 51 14 56 42 2 5 21 13 0 95 55 71 60 76 82 59 45 38 58 30 98 23 89 43 48 74 47 66 4 1 52 68 69 49 62 63 96 90 22 11 94 57 61 83 34 8 35 32 65 50 97 84 15 39 40 44 81 12 79 24 64 53 75 25 46 37 7 93 54 85 77 31 18 86 80 19 26 33 67 36
TEST 14 ARG:26 90 67 72 58 35 21 16 30 34 45 10 0 18 96 84 47 98 42 76 32 7 68 33 24 74 25 1 15 13 66 36 77 95 88 28 82 62 14 12 86 11 65 71 23 22 27 2 91 48 49 56 46 63 3 38 92 73 52 61 57 41 29 64 17 40 89 99 87 85 94 59 69 80 6 54 20 93 19 50 37 83 43 70 78 55 31 9 5 60 81 79 51 75 53 4 97 44 8 39
TEST 15 ARG:27 48 86 95 7 56 63 29 87 65 68 46 55 28 2 81 47 59 99 69 33 3 8 80 41 51 37 34 4 16 6 49 54 83 43 53 73 67 45 20 40 74 21 92 26 17 66 89 19 32 44 93 13 36 84 42 57 61 52 88 94 23 90 96 39 38 35 25 15 11 78 64 24 62 1 31 82 30 70 71 75 77 98 79 9 60 10 0 91 18 14 97 22 85 72 50 76 58 5 12
TEST 16 ARG:26 35 54 46 37 13 47 31 23 86 68 50 15 59 44 74 67 7 29 42 24 80 92 27 55 33 93 73 64 39 17 79 96 30 60 75 22 78 6 94 48 2 0 43 1 19 34 58 40 45 53 51 18 95 61 49 88 97 65 87 70 77 12 16 63 82 3 83 62 76 89 99 8 4 10 25 69 98 36 71 66 9 52 56 5 81 32 21 84 38 20 41 91 14 72 90 28 11 85 57
TEST 17 ARG:55 47 73 92 79 21 63 18 59 71 46 57 88 96 17 85 20 33 16 56 74 7 62 10 93 75 86 87 8 91 6 65 76 82 37 53 66 36 68 3 34 45 51 90 19 98 0 31 35 38 27 1 39 97 70 64 25 2 50 67 26 78 58 24 80 84 81 83 72 5 23 32 61 40 49 29 77 48 30 22 95 44 41 13 52 94 11 14 69 54 28 12 89 99 42 60 4 43 15 9
TEST 18 ARG:43 94 72 91 0 82 6 40 3 33 36 63 75 16 7 73 53 31 46 35 38 21 50 80 8 24 67 5 99 68 77 25 2 60 95 49 79 61 28 18 41 56 44 32 69 52 98 59 78 84 58 48 30 74 9 4 81 57 13 12 86 55 15 45 47 92 76 23 22 42 90 64 96 34 11 51 17 54 20 14 29 93 39 1 19 65 27 97 37 87 70 71 26 66 89 83 88 85 62 10
TEST 19 ARG:73 7 33 9 32 87 59 36 80 40 55 37 2 60 48 76 94 97 91 56 81 84 15 72 68 50 54 8 67 51 65 77 6 10 62 23 31 85 13 66 39 83 47 98 75 26 88 79 35 21 82 92 61 45 14 78 57 95 58 12 44 22 19 52 20 99 34 1 42 90 16 71 28 38 41 17 74 70 3 53 46 27 49 30 18 11 89 25 96 69 86 64 5 43 0 63 29 93 4 24
TEST 20 ARG:12 99 7 22 75 77 8 78 14 90 53 2 91 64 46 33 72 84 68 35 55 70 93 59 3 51 10 20 0 83 9 81 28 97 94 15 86 37 87 89 27 24 61 65 98 52 5 82 92 50 71 21 96 4 13 23 85 76 63 43 38 25 16 67 69 6 31 56 34 45 40 49 39 80 41 11 19 54 48 74 88 18 26 73 29 30 66 95 32 47 62 36 42 17 60 1 57 79 44 58
TEST 21 ARG:96 68 85 86 51 44 23 97 95 77 47 78 42 88 80 60 20 53 98 93 74 13 29 34 33 75 99 62 84 15 12 66 7 4 64 72 27 26 94 36 3 10 79 63 91 49 73 17 14 21 11 22 16 76 55 82 40 2 69 31 5 35 67 48 61 28 0 71 45 65 37 52 25 1 59 83 70 43 56 39 92 57 24 6 46 32 90 58 54 50 87 30 41 19 8 9 81 38 89 18
TEST 22 ARG:33 59 31 68 60 58 12 6 16 51 36 2 97 95 94 24 7 54 76 75 26 63 32 70 19 48 20 90 30 80 66 41 18 1 83 0 72 43 38 29 27 87 44 64 91 34 13 40 57 81 99 89 25 50 74 8 10 88 96 79 67 21 47 45 4 62 9 77 39 52 23 37 17 55 84 78 69 65 92 46 86 98 15 14 53 73 85 93 11 71 28 61 3 5 42 56 49 82 22 35
TEST 23 ARG:87 34 36 24 39 50 74 68 89 12 40 97 2 77 26 17 80 48 86 42 37 10 7 23 49 62 19 75 41 44 3 92 15 88 53 64 66 35 98 94 54 13 8 11 20 56 91 71 1 28 29 31 60 79 59 95 21 6 47 96 52 83 4 30 9 84 76 85 72 55 58 16 69 38 22 57 18 67 5 25 90 81 51 43 73 82 63 45 27 46 33 14 61 32 99 93 78 70 0 65
TEST 24 ARG:74 66 99 69 76 87 96 16 10 42 98 13 65 35 26 34 46 41 97 12 8 88 9 29 27 58 80 61 39 47 90 3 77 63 50 22 43 52 18 73 95 49 82 33 60 23 67 64 59 85 2 93 81 72 24 14 84 78 28 25 38 45 70 31 89 44 68 1 51 94 55 56 53 17 6 5 0 37 71 7 11 54 19 15 79 40 32 83 92 30 4 48 62 86 36 91 20 57 21 75
TEST 25 ARG:55 89 32 41 11 35 50 1 56 64 16 57 14 19 31 70 42 45 46 48 73 96 85 4 84 83 40 69 22 76 25 86 24 23 77 44 30 6 90 15 21 80 98 95 88 62 29 97 54 27 39 36 51 65 53 58 91 92 43 13 78 47 26 49 33 63 12 10 5 82 38 99 8 20 0 37 93 67 9 28 72 60 87 2 68 34 7 61 52 81 71 59 75 79 66 17 94 3 74 18
TEST 26 ARG:54 62 82 66 89 11 33 35 52 98 55 1 2 26 68 76 87 21 49 90 20 73 12 40 79 0 93 29 78 9 64 80 39 15 84 86 67 18 83 6 96 47 14 70 74 23 5 95 99 19 77 27 38 92 44 24 53 34 63 45 13 36 94 69 8 25 16 42 7 88 46 61 43 60 56 4 57 10 85 71 22 17 50 31 30 28 81 48 3 59 97 72 91 37 75 32 41 51 65 58
TEST 27 ARG:55 64 46 56 93 21 67 77 2 70 34 96 49 71 69 48 1 72 11 43 30 14 86 62 10 80 68 22 63 53 13 83 97 42 99 12 24 37 35 6 36 87 41 8 98 57 26 76 25 58 38 29 61 59 33 7 85 90 19 31 65 52 27 50 75 89 5 91 9 40 74 82 0 3 18 17 44 54 79 16 78 45 92 94 28 95 88 66 23 60 51 32 73 81 84 4 39 15 47 20
TEST 28 ARG:97 88 47 72 51 17 50 1 35 5 62 46 0 21 30 48 63 55 85 96 58 82 42 27 83 39 64 49 22 4 28 18 91 60 92 89 87 74 38 67 19 75 24 12 3 15 76 20 98 10 23 45 78 54 8 65 79 99 34 84 71 66 31 68 40 80 29 86 33 90 57 26 41 59 16 43 69 25 6 7 2 13 70 95 94 61 93 11 14 81 52 36 56 37 77 32 73 53 9 44
TEST 29 ARG:80 92 65 2 4 91 71 98 10 53 18 60 55 79 3 25 87 84 61 20 59 33 26 28 12 96 7 62 51 69 78 66 0 90 35 86 17 85 81 27 56 97 9 5 94 41 23 58 52 40 88 72 50 16 46 43 76 82 93 77 48 68 15 75 36 74 63 57 22 19 95 49 83 39 45 54 14 42 6 11 8 44 34 73 47 37 32 67 99 13 89 30 1 64 31 70 21 29 24 38
TEST 30 ARG:91 6 84 94 20 59 13 52 98 47 57 48 28 11 10 61 35 37 56 39 18 70 9 89 27 7 23 78 26 54 29 72 21 96 15 41 76 74 42 33 36 17 34 44 40 12 31 16 58 97 81 43 19 0 5 60 77 62 63 68 99 53 64 66 88 25 55 4 86 67 95 82 32 71 85 90 8 3 49 51 65 69 46 80 87 79 92 75 73 24 1 83 22 38 2 93 30 14 50 45
TEST 31 ARG:8 36 33 80 92 51 3 6 74 47 4 34 87 95 40 12 26 98 43 22 38 37 13 48 62 1 50 25 93 60 69 53 78 28 58 21 11 19 30 29 23 57 9 7 90 39 71 89 55 84 44 72 94 41 81 18 15 59 35 82 77 88 66 17 52 54 79 20 42 83 64 10 63 73 32 97 24 99 91 76 31 86 5 2 0 61 67 16 14 65 46 70 45 68 49 96 27 75 85 56
TEST 32 ARG:5 45 41 97 95 17 25 18 27 61 36 68 6 50 33 66 88 79 75 8 16 32 4 47 37 73 53 93 39 60 86 14 96 31 72 74 94 42 46 9 21 99 54 63 20 12 76 70 64 52 59 22 49 98 83 56 85 3 90 10 19 89 0 92 65 29 24 26 82 78 81 51 13 40 84 48 7 62 43 87 11 80 44 71 67 34 57 23 77 55 1 30 58 38 35 28 69 2 91 15
TEST 33 ARG:68 5 60 18 8 89 59 7 53 94 10 61 46 34 17 98 86 75 37 79 92 38 67 16 28 24 27 56 15 88 43 93 85 36 57 25 35 1 13 29 11 22 90 40 23 63 30 51 91 14 73 54 55 99 2 71 41 52 6 69 12 95 83 84 42 50 20 78 26 74 66 45 32 80 33 3 9 48 72 49 39 82 64 62 47 81 97 4 70 31 44 96 19 0 76 77 87 58 21 65
TEST 34 ARG:16 0 44 86 26 98 46 47 45 9 27 99 36 42 14 91 10 96 73 94 6 65 5 62 57 50 88 18 37 66 15 2 19 28 77 51 48 25 75 23 93 31 84 83 90 89 20 56 33 34 74 35 22 8 30 12 53 41 7 61 24 3 40 71 72 29 67 11 63 58 64 68 78 17 60 80 21 32 70 38 95 43 97 87 69 81 4 76 59 13 54 85 55 82 49 39 1 92 79 52
TEST 35 ARG:3 49 87 15 52 35 88 33 11 47 79 45 46 37 5 30 61 67 96 39 19 34 62 58 31 6 22 40 7 4 84 14 9 69 93 98 2 53 25 24 32 21 41 36 72 86 73 85 63 76 23 38 12 78 55 44 71 54 48 56 59 94 0 91 20 8 97 28 1 60 90 29 81 26 43 83 64 74 95 10 42 92 80 70 68 16 18 99 66 17 77 65 57 89 50 51 13 27 75 82
TEST 36 ARG:83 98 20 9 57 58 8 36 27 97 82 1 92 30 84 3 21 63 32 5 22 66 99 93 72 90 96 62 42 87 76 68 39 41 16 2 37 85 14 60 53 74 91 77 13 35 55 49 45 70 48 95 86 40 43 61 25 88 81 31 80 69 6 12 29 10 44 33 11 94 56 28 18 67 73 89 59 23 47 50 71 26 34 38 64 65 54 15 75 4 7 52 51 19 78 24 17 46 79 0
TEST 37 ARG:57 52 89 4 92 59 53 24 83 96 42 58 90 14 15 23 72 76 38 27 28 33 36 2 98 29 70 67 44 82 22 63 91 93 56 7 88 43 16 95 18 97 79 75 20 41 61 32 62 47 60 39 87 51 85 21 5 40 13 17 3 84 46 0 34 74 1 25 10 49 30 86 8 11 31 6 68 69 71 26 81 55 73 80 50 9 12 45 77 35 65 48 54 19 99 94 66 78 64 37
TEST 38 ARG:41 32 63 62 13 76 65 52 39 91 40 2 12 9 73 55 74 8 90 3 61 59 71 10 67 14 11 75 84 68 28 94 44 60 42 88 77 92 22 27 45 83 34 46 7 80 48 38 79 49 36 58 1 5 64 29 23 17 95 47 96 31 33 85 86 82 98 21 78 15 56 50 53 51 35 16 25 57 69 18 20 37 26 99 89 6 4 66 93 70 87 54 81 30 43 24 72 19 0 97
TEST 39 ARG:97 41 11 44 47 8 60 49 9 52 5 45 40 96 1 6 91 53 57 78 83 54 64 87 94 48 51 68 95 37 24 55 39 61 71 76 89 72 23 3 92 26 43 90 15 99 28 16 73 70 98 75 65 36 35 46 86 25 33 74 77 38 67 20 42 7 82 34 19 31 63 2 0 17 4 85 88 80 18 30 56 32 21 50 13 79 66 14 69 27 12 58 22 29 59 81 93 62 84 10
TEST 40 ARG:60 70 3 78 53 54 14 64 86 5 29 77 39 23 12 15 18 68 93 69 50 13 95 73 8 55 90 37 24 61 32 33 89 82 0 27 88 26 40 91 19 20 44 65 80 94 11 22 76 79 47 9 41 51 36 34 42 83 58 46 28 6 81 71 38 52 87 75 43 98 31 48 1 49 99 97 92 72 66 45 59 96 85 30 57 56 63 16 74 7 17 25 35 2 4 21 67 84 62 10
TEST 41 ARG:23 15 74 45 17 14 47 49 16 90 85 31 8 13 82 25 6 0 88 55 51 32 79 28 75 40 38 86 91 20 26 66 27 97 87 63 35 9 52 84 72 67 56 24 68 80 3 54 76 65 50 44 59 5 11 19 95 57 78 53 18 64 37 73 69 7 70 39 1 71 96 12 22 92 10 43 83 77 93 4 94 89 33 81 34 2 98 36 29 99 46 48 42 30 62 60 61 41 58 21
TEST 42 ARG:86 67 16 71 17 78 81 76 37 30 87 45 50 93 9 77 14 10 40 72 33 53 42 36 38 97 62 15 31 65 61 91 3 4 29 6 18 44 28 23 27 55 95 51 89 48 74 20 90 24 96 68 84 99 60 79 19 69 34 73 52 22 25 21 88 92 58 63 13 85 70 66 5 39 26 75 59 80 8 43 32 0 12 94 2 98 1 46 7 35 11 54 83 64 57 47 49 82 41 56
TEST 43 ARG:14 64 51 22 40 76 12 75 1 46 62 31 44 87 69 11 28 18 67 78 19 59 71 92 24 98 48 93 68 15 99 91 65 45 5 42 86 35 4 74 17 3 97 63 83 50 29 96 7 73 30 16 9 34 57 21 79 43 89 56 70 39 82 80 81 95 66 54 10 23 27 32 2 41 72 13 90 94 37 77 85 55 20 47 53 33 49 8 88 58 36 38 61 0 26 84 6 60 25 52
TEST 44 ARG:4 79 34 26 82 2 12 50 96 85 76 86 9 3 22 75 72 1 7 88 16 44 84 66 61 43 83 90 89 11 77 21 28 32 54 97 74 92 63 91 78 73 47 37 87 6 20 13 93 5 25 56 95 57 58 60 69 46 18 39 52 65 10 81 15 98 80 55 17 53 42 62 40 8 70 0 41 94 33 68 64 51 48 59 99 71 45 14 30 31 36 49 67 24 29 27 35 19 23 38
TEST 45 ARG:82 60 91 57 96 99 71 44 58 79 66 39 18 74 2 46 73 5 40 13 34 98 29 28 47 35 76 51 6 16 38 41 88 1 83 69 75 31 42 9 20 23 24 77 30 45 87 67 95 22 68 32 36 49 14 61 21 84 15 10 50 56 65 43 59 48 55 11 19 17 86 25 72 12 64 0 53 8 63 90 81 80 92 89 27 93 70 94 78 26 4 62 33 7 37 97 3 52 85 54
TEST 46 ARG:69 92 66 1 6 10 23 55 61 26 28 43 74 73 90 85 5 84 18 54 70 78 7 72 24 29 15 56 21 8 46 13 86 42 3 33 87 30 76 79 82 98 11 77 75 57 44 64 31 60 4 47 95 0 14 2 45 19 89 49 96 9 20 80 27 83 32 91 16 25 97 34 40 48 94 35 37 71 38 88 58 22 53 41 51 67 39 62 12 52 63 68 17 36 65 81 93 50 99 59
TEST 47 ARG:58 81 53 16 46 68 57 48 4 21 60 11 89 67 38 13 9 54 32 6 30 49 88 41 42 62 63 78 91 29 39 87 40 76 51 95 55 2 94 74 80 66 92 26 18 70 84 77 56 3 31 50 93 75 52 45 1 37 65 79 85 25 90 19 59 64 7 14 96 27 71 5 35 10 34 99 20 61 72 0 28 36 73 83 15 44 69 97 86 23 43 22 82 8 98 33 47 17 12 24
TEST 48 ARG:24 85 99 23 94 32 76 40 25 52 50 91 53 90 1 8 16 78 2 77 5 86 81 80 72 10 65 9 79 57 56 26 84 59 89 42 61 35 62 93 7 21 67 97 87 44 41 14 37 47 3 92 60 48 12 68 96 66 6 13 18 82 74 73 43 71 95 98 0 17 70 45 29 58 46 15 30 49 34 69 31 88 33 4 11 63 55 83 20 28 27 36 54 64 39 75 19 38 51 22
TEST 49 ARG:48 54 85 63 65 30 90 58 2 55 57 37 78 26 87 72 8 45 62 79 98 82 84 24 11 99 38 17 97 75 81 41 93 35 0 25 76 46 52 51 22 42 89 27 20 16 1 18 32 88 56 4 13 59 95 50 5 80 86 91 96 40 14 34 53 61 66 7 71 49 43 67 94 39 31 73 6 68 21 64 29 3 23 10 47 44 36 60 19 92 28 70 83 15 12 77 69 9 74 33
TEST 50 ARG:65 10 98 20 12 41 58 38 86 68 96 63 13 27 92 72 17 89 30 51 33 50 78 44 56 74 37 76 3 70 5 21 8 47 2 32 26 77 31 28 66 84 46 40 29 82 53 87 93 75 81 39 54 73 52 94 83 19 69 42 71 16 1 9 43 45 48 11 15 36 23 90 25 85 55 62 35 24 34 14 95 59 61 91 97 64 4 0 18 57 79 99 49 60 80 88 6 67 7 22
TEST 51 ARG:80 32 57 56 30 49 22 58 15 25 93 47 55 26 59 10 62 51 82 6 96 88 23 68 86 72 83 36 0 17 1 21 41 54 45 79 20 8 27 69 61 98 67 2 11 94 37 52 74 40 60 65 78 92 4 89 43 42 81 53 76 77 24 19 44 33 95 9 73 91 16 99 18 64 28 90 12 3 87 84 35 97 38 48 63 46 39 71 70 29 5 31 14 85 13 34 66 7 50 75
TEST 52 ARG:6 60 93 8 81 25 49 48 5 76 90 66 26 67 23 50 71 73 56 70 84 53 59 33 69 45 68 3 38 14 18 9 63 86 74 52 4 42 41 16 87 10 43 79 35 17 99 0 2 88 77 30 85 51 97 55 7 96 57 31 12 47 89 15 1 72 94 75 80 92 61 91 19 20 83 11 36 40 54 24 98 39 78 28 29 46 64 34 58 21 32 95 82 22 27 65 44 62 13 37
TEST 53 ARG:11 86 33 22 19 35 98 16 65 75 47 51 70 87 13 21 41 24 8 59 74 68 63 94 6 95 34 92 18 4 38 82 48 37 53 88 60 29 20 58 69 73 80 26 97 54 14 15 46 10 3 99 45 79 42 28 12 83 72 96 61 67 39 57 77 9 93 40 71 31 78 91 62 44 89 2 90 52 23 56 30 0 5 7 76 49 84 36 50 55 32 17 25 27 66 64 43 85 1 81
TEST 54 ARG:79 60 99 86 44 8 13 92 26 58 10 36 81 3 87 12 27 28 30 14 72 88 29 23 75 25 35 56 45 54 42 98 51 7 9 20 47 74 69 53 61 90 85 40 68 84 80 70 38 43 95 46 83 5 21 67 32 22 66 65 97 89 94 71 39 48 31 93 82 37 24 55 1 64 73 57 76 62 6 4 77 96 19 33 91 41 0 11 15 18 34 16 50 59 17 78 49 2 63 52
TEST 55 ARG:80 2 36 51 26 59 54 94 14 92 23 95 11 89 24 72 21 38 97 16 39 18 41 17 31 85 5 88 62 34 64 19 35 86 10 66 81 60 83 40 75 82 15 73 96 90 48 9 74 57 22 71 20 99 84 12 70 4 13 29 25 44 3 79 1 58 47 50 42 27 32 52 46 33 30 76 37 45 87 53 68 78 56 55 28 49 8 69 65 67 61 6 0 91 98 93 77 43 7 63
TEST 56 ARG:49 77 44 14 59 88 26 45 83 22 95 40 0 38 11 55 69 6 58 53 72 43 93 73 15 99 56 8 70 78 29 96 76 67 18 80 92 30 34 65 46 24 81 7 32 82 9 5 50 36 4 47 87 20 63 12 35 25 66 48 41 90 39 51 91 42 17 74 89 54 60 13 21 98 61 23 71 62 86 97 84 2 85 75 64 3 52 68 33 28 27 31 10 94 57 79 37 19 16 1
TEST 57 ARG:38 78 88 99 55 12 87 4 51 61 37 10 74 77 13 97 15 34 50 45 58 43 25 24 0 36 30 98 33 7 90 53 26 5 84 3 92 1 11 96 35 80 76 94 41 14 8 52 21 91 6 18 73 39 59 85 16 79 42 64 28 23 70 20 60 40 19 54 47 93 69 63 27 17 71 67 82 31 72 56 68 83 46 49 65 48 66 86 9 32 75 81 57 2 62 29 44 95 22 89
TEST 58 ARG:5 73 16 45 60 9 0 33 50 1 92 38 19 65 66 26 77 68 11 6 18 88 57 46 85 59 54 89 97 76 12 17 70 55 22 49 23 42 62 13 69 35 72 78 64 80 99 40 31 30 71 83 47 44 20 14 8 41 52 34 15 82 93 3 75 10 53 91 95 61 90 43 94 96 81 24 51 4 63 98 48 37 27 79 58 21 7 67 2 32 28 84 74 39 86 56 29 25 36 87
TEST 59 ARG:63 19 9 5 10 21 83 24 57 59 37 58 54 13 77 85 16 47 88 87 25 60 33 28 70 73 23 92 84 41 80 49 74 8 72 81 29 30 61 97 56 39 26 99 0 18 55 43 45 1 50 6 3 32 64 95 53 62 11 14 78 38 35 76 89 82 90 52 22 12 36 34 75 31 68 4 51 15 71 69 46 2 91 96 7 67 20 86 93 94 27 66 40 44 17 79 65 48 42 98
TEST 60 ARG:36 9 71 5 64 4 99 17 52 80 83 56 53 12 27 57 70 29 33 76 20 31 84 21 98 26 96 59 73 95 48 55 90 7 1 3 11 51 66 14 34 22 54 87 69 91 78 72 35 89 43 75 77 68 37 62 41 92 93 42 47 65 24 6 25 85 58 10 88 61 19 45 81 2 74 60 16 32 97 46 79 82 18 49 8 28 38 67 13 86 39 30 23 15 50 44 0 40 94 63
TEST 61 ARG:17 75 59 38 98 90 1 21 44 52 57 58 43 97 94 60 78 25 88 5 40 16 47 2 12 53 39 19 72 26 49 29 83 67 14 34 82 64 30 76 84 11 18 63 31 68 86 0 8 4 62 22 46 66 93 7 51 96 15 42 36 20 73 91 9 79 54 23 70 41 24 27 28 13 99 6 55 80 50 3 65 71 37 89 92 95 56 87 32 69 77 81 10 74 35 61 48 33 45 85
TEST 62 ARG:45 87 6 82 23 15 1 4 56 86 60 62 11 73 72 63 81 75 55 33 42 68 17 69 29 16 99 78 34 20 52 31 74 41 95 65 9 49 97 59 51 12 85 54 89 13 10 3 2 84 71 57 64 35 14 0 47 61 37 96 94 92 53 77 70 39 79 76 50 32 26 83 43 80 93 19 58 27 8 25 22 90 88 7 40 98 5 28 21 48 91 36 66 67 18 44 38 46 24 30
TEST 63 ARG:47 64 87 66 91 49 89 10 44 60 36 9 94 37 14 82 54 99 0 21 46 78 56 76 75 71 84 23 41 96 43 16 29 62 3 57 77 38 50 83 28 70 34 40 32 58 30 13 42 18 39 31 6 98 12 79 95 22 63 67 90 27 73 15 45 7 4 88 5 2 72 85 19 1 51 53 20 52 68 24 11 93 25 59 61 17 8 33 74 92 81 26 65 55 80 86 35 69 97 48
TEST 64 ARG:85 96 80 21 3 42 63 74 17 64 67 8 79 84 92 50 77 2 41 36 18 53 94 65 95 88 4 91 30 27 45 20 32 5 49 86 73 22 68 43 15 12 70 0 6 19 16 24 23 40 11 31 66 28 75 38 52 59 46 82 29 78 10 56 76 62 44 97 14 98 71 93 25 7 37 26 72 47 9 81 54 69 33 34 55 13 39 58 57 90 89 48 99 61 35 60 87 83 51 1
TEST 65 ARG:78 48 75 12 58 73 44 60 84 55 4 21 67 81 40 23 53 7 49 86 54 56 96 26 43 95 0 42 13 99 41 27 51 61 20 18 2 47 38 16 19 97 65 88 46 39 85 52 93 32 94 14 6 34 25 87 69 82 30 11 33 35 64 57 71 59 22 92 36 63 80 68 90 77 31 62 83 37 28 3 91 70 74 29 89 5 17 50 1 66 10 9 24 76 72 45 79 15 98 8
TEST 66 ARG:31 11 91 5 34 69 71 24 83 76 73 57 67 66 32 16 13 10 74 26 29 77 21 58 35 38 80 50 89 36 65 94 97 93 23 84 61 41 42 9 25 14 54 40 20 90 43 62 53 56 12 85 64 51 75 44 33 72 68 86 47 4 95 88 37 55 59 18 81 49 15 27 17 87 48 63 79 3 1 6 60 45 28 70 22 78 8 19 82 52 99 98 39 7 30 0 2 46 92 96
TEST 67 ARG:34 75 85 13 72 6 44 23 74 65 25 91 86 38 29 35 94 8 99 49 15 96 0 14 78 10 84 53 11 88 48 31 79 95 18 32 92 54 30 36 70 66 93 51 46 76 39 73 12 19 80 81 68 28 83 59 22 37 20 40 60 50 9 82 69 41 87 90 64 1 43 56 98 27 55 62 97 61 21 2 33 63 17 16 52 26 58 77 24 42 4 89 3 45 5 7 71 47 67 57
TEST 68 ARG:77 35 47 27 34 31 14 60 12 48 98 83 7 67 41 69 89 23 71 58 70 2 65 61 26 11 22 74 49 73 21 13 54 39 18 30 5 86 16 66 38 56 87 78 93 92 52 45 0 24 19 1 3 25 76 96 72 80 36 91 20 15 94 32 84 95 28 40 37 33 29 10 43 85 9 62 79 99 63 51 81 8 75 64 42 44 6 46 90 59 50 53 4 17 57 97 82 88 55 68
TEST 69 ARG:63 91 3 13 48 1 69 30 55 71 29 18 2 74 50 72 82 93 15 87 90 26 45 83 95 19 27 11 88 97 9 7 25 80 75 31 43 61 66 85 5 40 86 76 58 68 41 98 84 47 81 17 32 0 73 33 12 51 92 38 36 59 8 79 22 78 10 37 42 23 56 44 60 6 21 65 89 70 53 94 35 46 16 4 62 28 39 96 67 14 99 54 34 57 24 77 52 49 20 64
TEST 70 ARG:87 56 46 81 85 16 41 8 62 11 7 94 91 33 67 29 15 66 52 83 13 38 3 26 61 5 24 72 17 43 44 28 30 10 79 47 51 98 36 19 84 65 74 95 45 68 49 0 18 76 42 37 20 48 25 1 21 70 80 57 77 97 54 50 55 35 39 99 27 31 14 22 40 2 58 4 75 86 82 90 32 71 63 92 89 59 88 93 64 53 12 96 34 9 78 60 69 6 23 73
TEST 71 ARG:56 2 34 87 20 93 12 36 55 85 95 24 51 22 1 9 28 70 11 94 92 89 58 46 42 97 38 68 49 86 88 91 37 81 18 33 82 8 90 27 61 5 76 7 83 25 31 57 64 6 19 73 30 71 50 43 21 32 63 35 72 44 48 84 78 3 66 79 26 60 39 45 69 13 17 74 67 15 52 99 65 41 29 96 23 47 77 54 40 16 4 14 80 62 10 53 75 59 98 0
TEST 72 ARG:93 8 65 2 55 15 31 20 29 11 60 17 27 47 40 5 1 99 94 77 70 50 43 63 57 74 36 21 16 6 59 46 19 48 97 39 85 51 41 4 90 96 0 22 88 12 84 64 95 78 75 54 42 10 92 3 86 61 13 87 18 80 25 53 62 98 72 7 56 14 67 33 73 24 83 71 38 37 9 32 81 30 52 58 91 34 23 76 68 89 69 45 28 49 35 44 82 26 79 66
TEST 73 ARG:53 63 46 93 96 4 30 50 62 25 6 17 26 22 73 28 56 44 7 24 82 91 51 0 35 3 71 2 65 74 48 16 90 55 59 89 29 15 80 1 69 31 86 81 5 19 34 21 94 52 18 40 98 47 45 61 78 39 83 72 57 76 60 13 42 36 27 33 11 12 92 54 88 75 79 58 9 66 43 38 64 41 84 20 77 70 95 10 23 49 8 37 67 97 85 99 68 14 87 32
TEST 74 ARG:66 57 26 23 51 6 94 31 99 32 95 7 48 58 88 43 35 15 9 44 96 1 45 41 17 34 89 13 83 84 76 63 55 64 78 62 73 79 12 93 67 4 22 29 92 20 81 11 86 39 65 18 60 70 75 54 69 16 59 74 82 27 97 47 3 5 46 8 40 37 28 21 33 24 49 80 56 30 50 72 61 2 10 85 0 42 71 25 53 68 36 90 77 14 19 52 87 98 91 38
TEST 75 ARG:6 8 73 54 72 18 34 99 62 98 41 71 97 91 92 51 80 53 76 59 95 58 88 35 64 14 52 1 87 84 9 2 39 5 38 44 33 75 32 31 85 45 12 55 70 20 81 94 29 78 57 4 50 0 63 30 47 56 77 36 17 96 74 69 23 82 24 46 19 21 89 67 25 27 61 7 11 40 79 60 66 68 26 42 37 16 93 28 48 90 3 13 49 43 22 83 15 65 10 86
TEST 76 ARG:62 61 73 70 6 92 3 88 45 83 54 57 90 49 40 81 97 22 34 42 96 53 55 86 12 36 18 35 47 37 2 93 25 24 68 15 87 84 44 31 14 59 16 11 67 20 4 89 17 74 94 23 32 10 30 58 1 85 38 50 64 51 82 48 79 60 80 39 52 29 5 41 63 75 43 72 66 98 95 13 46 33 9 69 91 21 27 65 77 78 26 56 7 76 28 99 71 0 8 19
TEST 77 ARG:78 54 75 58 86 21 52 44 66 89 87 11 63 55 42 24 41 56 64 32 88 95 83 19 74 17 20 13 77 48 26 71 57 18 33 50 80 81 91 7 90 61 30 9 27 10 68 23 46 72 34 67 37 38 22 40 0 99 59 82 65 28 31 36 79 15 1 51 53 73 69 45 43 4 3 16 60 49 8 39 92 97 98 29 94 96 70 47 14 93 84 25 35 62 2 6 5 12 76 85
TEST 78 ARG:88 17 18 83 26 31 22 1 8 25 4 93 20 61 71 53 39 13 46 50 65 69 27 33 98 36 51 43 82 92 90 70 41 14 77 16 56 10 9 32 75 81 85 94 42 63 35 23 86 45 67 44 40 68 30 15 91 87 28 60 84 96 5 55 0 19 62 34 97 29 99 7 76 54 66 12 24 57 48 58 78 59 52 37 95 64 73 3 74 11 80 47 21 49 79 72 6 38 89 2
TEST 79 ARG:15 72 11 85 96 41 59 37 49 99 38 92 71 95 76 19 53 56 66 50 16 27 87 94 44 40 57 29 28 10 3 39 21 31 93 91 90 2 24 0 8 35 14 68 47 25 5 64 34 26 6 58 80 22 78 12 48 81 63 33 73 60 77 23 55 75 97 17 79 1 65 13 84 69 42 36 4 30 89 86 18 52 51 45 83 46 74 98 43 62 61 70 7 54 88 67 32 9 82 20
TEST 80 ARG:45 50 86 87 81 36 64 24 75 1 93 41 26 11 80 27 20 12 92 62 38 83 7 73 57 44 96 9 56 70 65 63 5 16 28 84 31 52 17 76 69 30 79 46 14 51 98 66 67 47 6 29 8 22 3 99 40 72 55 48 78 89 68 35 43 25 77 15 58 97 61 85 90 32 54 19 23 10 34 95 91 94 4 2 71 42 18 49 13 21 60 0 39 33 88 82 74 53 59 37
TEST 81 ARG:15 76 48 55 38 40 84 34 12 59 96 24 7 67 63 51 69 11 43 90 31 16 73 83 3 93 50 42 81 91 22 8 47 70 78 28 74 80 64 26 77 9 6 44 39 45 49 65 99 98 33 23 29 10 27 20 46 17 21 4 2 52 18 94 86 0 61 58 19 66 54 5 79 95 75 68 82 60 30 72 71 32 35 13 25 57 85 37 92 36 1 97 62 41 56 89 14 53 88 87
TEST 82 ARG:55 56 74 68 39 4 57 6 73 12 50 22 44 59 19 29 42 5 9 8 23 86 77 0 31 33 88 11 10 53 76 43 72 2 18 96 36 1 15 90 48 69 65 95 20 98 99 34 85 14 45 30 25 46 66 78 82 79 37 80 94 71 93 67 47 16 28 7 58 87 51 40 84 32 60 27 21 3 24 38 91 97 54 52 49 62 89 17 92 75 35 64 63 26 61 41 13 70 81 83
TEST 83 ARG:3 21 29 61 7 17 41 79 36 39 51 68 66 87 55 93 56 15 98 11 74 34 59 6 12 47 89 19 88 77 96 2 9 67 38 16 49 53 37 70 44 40 32 45 43 80 90 86 63 78 30 60 62 24 18 82 27 99 65 85 8 25 69 10 58 4 31 71 54 75 33 92 35 84 5 72 76 52 46 28 91 50 0 94 48 95 97 73 26 64 20 57 81 23 42 22 14 13 1 83
TEST 84 ARG:26 47 97 86 18 1 68 49 76 15 98 43 22 60 92 64 0 2 54 94 29 65 42 52 46 71 34 4 38 5 67 20 75 58 88 25 23 56 62 84 89 57 96 24 7 85 95 66 14 80 73 99 8 59 41 37 33 83 78 90 6 53 16 81 72 27 3 32 12 19 39 61 82 30 55 9 13 93 87 40 45 79 10 77 63 28 35 31 44 91 51 74 11 50 17 70 69 21 36 48
TEST 85 ARG:50 46 71 92 37 20 44 97 47 9 73 99 95 1 81 18 74 66 77 65 63 45 8 38 6 62 57 70 91 30 86 87 88 16 89 43 98 11 41 39 56 4 19 23 60 78 82 94 58 83 27 5 80 64 90 52 72 35 53 51 79 15 75 40 26 7 49 13 54 61 33 24 36 2 48 3 14 22 10 32 55 69 31 21 67 34 42 12 96 28 25 17 85 76 68 59 0 29 84 93
TEST 86 ARG:15 88 20 37 51 11 46 91 96 3 97 56 31 67 10 41 98 30 54 21 44 76 70 64 4 80 68 27 92 58 40 89 23 95 86 84 73 6 65 22 55 12 93 61 0 35 43 85 33 59 24 5 13 36 72 50 83 74 94 29 71 78 52 62 49 26 39 32 25 47 28 2 34 75 48 69 19 45 42 99 14 66 17 9 79 57 87 18 81 16 60 7 38 82 53 90 63 8 1 77
TEST 87 ARG:32 18 82 78 70 26 29 43 0 94 98 35 56 74 83 50 8 23 11 61 44 53 15 88 52 27 21 79 59 95 36 48 31 84 13 58 73 68 46 30 3 45 93 77 17 7 75 19 85 92 37 99 89 57 76 96 47 38 34 22 24 69 67 42 4 2 33 49 62 80 81 20 90 1 39 25 40 28 71 65 6 63 54 97 12 86 9 16 72 10 5 87 41 64 55 66 14 51 60 91
TEST 88 ARG:78 55 4 9 71 65 86 29 92 67 34 43 8 33 84 20 22 66 77 54 53 83 3 58 51 28 87 79 19 60 6 52 88 26 30 2 61 38 45 91 72 99 81 57 90 73 64 35 12 31 93 47 74 96 1 70 0 50 41 69 10 97 18 16 25 48 5 32 14 36 39 63 85 21 49 44 11 59 94 42 37 80 68 46 24 23 98 56 82 95 76 75 17 7 13 62 89 40 15 27
TEST 89 ARG:99 78 51 93 18 70 75 15 98 3 39 37 30 97 65 95 96 83 88 4 81 85 33 10 34 5 80 61 44 92 46 23 32 48 29 11 40 42 64 12 31 58 72 36 49 67 17 20 7 79 77 28 26 82 8 59 62 25 86 89 68 50 53 76 6 56 66 74 91 52 0 45 21 27 47 24 60 22 41 69 54 38 63 2 35 57 55 73 9 14 16 13 1 71 87 90 94 84 19 43
TEST 90 ARG:41 47 96 50 71 31 16 8 20 99 35 79 42 34 14 65 73 48 49 24 17 52 59 5 12 25 6 32 74 61 44 2 57 53 15 11 87 66 13 27 18 69 88 82 90 95 36 26 67 70 91 89 23 33 39 45 10 77 7 84 21 54 75 28 1 72 92 55 60 68 22 40 9 64 43 0 3 62 80 93 58 76 63 51 83 86 19 56 78 4 97 30 94 98 29 46 37 81 85 38
TEST 91 ARG:46 52 66 45 93 71 85 76 16 30 3 47 80 67 42 44 21 14 61 78 68 83 17 99 26 11 27 48 0 97 1 90 88 39 98 8 64 25 72 60 41 2 91 19 87 74 63 57 24 20 40 69 49 65 18 5 73 75 96 81 84 36 94 22 54 92 50 56 82 33 34 38 55 53 59 77 62 58 13 70 12 95 28 86 37 10 43 29 31 51 15 6 7 89 32 4 23 9 79 35
TEST 92 ARG:44 95 88 41 65 49 25 18 71 51 70 9 29 8 83 81 21 24 4 1 32 72 57 98 12 11 58 45 54 15 34 66 92 36 82 64 37 87 10 91 52 59 67 2 89 14 3 96 19 63 68 76 30 78 13 56 69 7 33 31 77 23 20 60 74 90 0 43 94 39 26 47 79 97 16 75 62 86 28 85 99 48 53 93 61 46 80 5 35 84 73 22 17 6 40 38 50 27 55 42
TEST 93 ARG:0 15 60 29 30 14 88 98 86 41 33 87 46 79 10 49 77 16 32 8 3 56 1 67 94 37 48 82 28 22 9 34 91 21 54 45 50 25 59 78 12 2 17 43 65 97 93 83 76 18 81 42 27 96 52 7 47 44 11 58 24 69 53 39 68 19 64 26 35 40 75 85 61 72 36 5 74 55 73 66 13 90 92 99 57 70 84 6 20 95 89 23 63 4 62 80 38 31 51 71
TEST 94 ARG:76 86 13 65 62 60 18 81 24 5 75 66 94 30 7 87 98 92 29 12 70 0 89 2 15 83 93 20 44 68 56 45 82 54 34 63 27 71 55 10 74 72 22 21 32 49 67 85 61 48 41 51 26 19 1 33 77 57 38 35 47 97 17 88 37 3 6 50 69 58 31 39 16 52 23 8 99 11 64 46 25 90 14 42 73 4 43 59 95 84 96 79 53 91 80 40 36 9 78 28
TEST 95 ARG:4 6 44 30 39 90 57 88 67 38 1 37 61 75 96 23 53 99 79 22 19 92 9 41 5 29 86 21 60 49 15 64 71 70 62 32 83 84 77 17 54 34 40 97 93 82 10 87 76 80 51 31 46 8 59 48 52 55 66 94 18 47 72 27 65 33 36 81 35 26 45 2 11 24 58 16 50 73 95 98 0 68 25 78 20 43 3 89 28 12 7 69 74 63 13 42 56 91 14 85
TEST 96 ARG:4 16 81 33 79 66 39 12 30 47 18 34 63 23 3 24 94 2 40 44 26 89 21 36 14 69 42 27 31 75 8 68 78 72 86 99 57 88 45 70 48 13 65 85 1 91 64 80 51 83 6 93 84 87 11 61 60 58 55 28 38 5 73 32 95 0 62 92 97 50 49 56 9 46 10 52 17 15 35 82 7 96 67 54 53 71 76 77 20 74 90 59 22 19 25 98 43 37 41 29
TEST 97 ARG:84 71 62 11 29 46 55 26 75 36 87 41 40 68 10 94 93 24 54 85 39 76 34 18 98 56 48 19 52 47 0 6 43 2 4 28 16 77 13 66 32 60 31 67 30 73 33 3 59 42 90 14 23 45 64 22 12 72 99 65 91 25 95 74 38 20 97 69 51 61 50 17 79 27 80 21 70 63 5 7 83 57 92 88 49 8 1 96 58 78 53 89 81 44 35 9 82 86 37 15
TEST 98 ARG:75 56 58 10 8 4 62 13 28 73 74 43 79 26 69 77 78 12 7 35 99 63 98 36 95 90 93 24 40 34 46 33 14 71 18 89 66 94 57 38 92 72 41 68 39 25 86 51 47 31 85 59 91 64 6 60 70 48 45 29 3 23 50 1 30 52 2 5 96 19 88 61 67 97 54 17 11 9 16 83 76 21 82 0 53 37 27 81 84 44 22 49 32 87 42 20 55 15 80 65
TEST 99 ARG:75 47 16 39 15 99 53 74 5 79 11 98 96 92 67 6 95 56 38 37 12 76 64 72 54 35 52 42 90 58 71 60 73 48 24 26 87 34 66 43 49 70 28 0 77 91 1 59 29 10 84 78 81 83 7 86 14 97 30 94 65 9 41 63 21 23 61 82 55 27 32 57 4 89 80 31 68 18 19 44 22 62 13 25 93 88 50 51 36 85 46 40 69 17 3 33 20 2 45 8
TEST 100 ARG:16 53 67 58 34 74 5 15 28 41 26 68 88 43 37 66 24 13 35 65 23 78 56 30 18 44 4 70 61 81 98 14 49 12 96 62 99 40 75 91 9 63 89 86 48 90 94 31 92 36 22 93 83 1 59 2 54 39 8 3 42 76 47 6 77 19 69 50 87 64 29 51 82 20 25 10 27 33 71 72 84 46 60 32 95 17 11 73 21 0 7 55 45 79 85 80 38 57 97 52
TEST 101 ARG:28 39 73 62 90 13 60 43 74 54 61 47 78 48 1 51 27 99 8 80 25 3 0 83 17 6 95 63 86 87 67 58 5 29 12 98 21 32 46 76 77 57 64 24 53 52 35 22 44 2 7 16 75 84 30 4 49 34 71 93 65 36 14 18 11 97 59 23 56 89 50 55 82 66 96 41 37 94 15 10 42 19 85 92 9 70 91 26 31 81 69 20 40 45 79 88 68 38 33 72
TEST 102 ARG:32 99 72 78 74 84 59 55 10 98 71 23 0 70 89 40 83 58 52 63 41 57 7 56 5 20 13 62 37 86 11 53 46 1 66 97 16 39 35 90 30 94 42 24 21 54 14 67 17 49 3 61 15 38 33 73 85 81 51 96 22 18 34 4 68 95 2 9 28 77 75 80 44 26 65 36 19 50 27 25 43 82 48 76 8 92 60 79 87 91 69 93 29 45 47 31 6 12 64 88
TEST 103 ARG:6 15 90 59 41 54 61 58 64 82 10 99 30 46 86 5 38 76 56 53 14 96 70 98 52 75 28 69 45 29 81 16 39 85 19 74 40 31 43 4 97 13 71 95 93 12 50 63 0 89 65 47 24 36 37 78 20 44 67 94 25 68 35 49 62 7 18 80 17 8 79 57 55 23 32 42 88 48 1 27 9 66 26 33 92 83 72 22 60 91 21 51 2 34 73 3 77 87 11 84
TEST 104 ARG:84 50 70 58 12 1 76 3 78 55 53 8 95 74 18 32 9 72 20 67 46 54 93 38 60 27 37 61 0 59 15 23 56 5 90 73 94 52 83 75 57 34 14 2 16 47 21 91 36 26 71 24 81 48 11 49 99 80 64 68 97 39 66 96 19 40 44 41 13 17 43 86 29 25 45 69 62 35 88 28 85 79 98 33 51 89 22 4 77 92 87 31 65 10 30 6 7 42 82 63
TEST 105 ARG:80 30 4 58 50 49 22 59 72 70 68 10 7 65 96 71 82 42 16 97 8 18 32 62 57 15 14 99 84 52 2 19 93 29 35 34 37 89 17 95 90 21 0 28 60 67 91 11 76 81 47 56 74 98 51 53 77 75 24 27 41 63 79 25 31 78 36 38 92 54 5 43 69 83 1 86 85 12 6 66 3 20 26 61 13 39 64 40 48 23 46 55 44 87 88 94 33 45 9 73
TEST 106 ARG:35 53 15 39 33 69 7 6 1 51 3 57 21 78 28 24 4 30 31 94 81 61 93 37 8 60 85 52 20 42 62 11 23 40 97 77 48 14 34 32 96 50 74 82 83 58 98 10 80 71 9 89 13 45 55 66 22 99 19 44 65 92 70 91 87 56 18 41 59 95 63 54 26 2 79 27 76 5 17 46 73 72 25 12 67 38 84 47 36 86 43 90 75 88 29 0 49 64 68 16
TEST 107 ARG:0 39 40 86 82 56 34 3 72 85 74 44 28 96 15 73 59 55 17 80 19 63 43 30 94 69 22 6 49 31 8 33 68 90 14 13 67 84 87 32 23 16 62 1 27 66 77 47 92 71 60 45 76 61 88 10 70 95 89 21 26 93 46 41 2 78 75 7 29 12 98 58 79 53 11 57 99 38 54 83 64 81 18 25 9 24 5 97 36 37 65 48 91 52 4 20 51 35 50 42
TEST 108 ARG:0 21 57 18 38 43 7 88 2 47 8 31 41 12 95 25 66 70 16 9 86 58 74 81 23 68 10 5 6 98 39 89 53 15 40 42 32 64 90 50 59 91 29 49 1 22 77 72 51 20 24 76 87 69 80 79 61 93 60 97 34 65 83 46 96 30 75 71 4 48 3 13 28 33 62 82 27 54 35 44 56 52 45 19 14 84 94 78 55 26 63 85 67 11 36 17 73 92 37 99
TEST 109 ARG:96 69 43 19 99 91 3 33 60 34 36 8 14 4 40 64 27 37 53 49 54 5 22 74 42 50 13 76 51 94 25 58 18 66 62 63 47 44 56 98 31 11 67 59 21 0 24 9 7 15 85 52 82 30 79 12 73 86 28 93 26 68 17 32 48 1 84 23 10 83 38 70 20 57 81 41 92 35 16 55 89 95 71 87 72 78 61 46 80 65 29 2 75 97 6 45 88 39 77 90
TEST 110 ARG:88 96 62 46 0 29 54 94 45 16 6 70 95 25 89 8 41 47 52 34 28 90 85 50 76 13 44 42 10 77 17 97 98 59 57 11 63 51 91 86 33 66 38 73 37 83 22 55 79 23 1 80 3 69 82 65 58 48 93 43 27 35 87 39 67 81 24 9 36 14 7 74 40 75 64 19 26 31 30 56 49 92 12 21 61 72 15 60 84 68 32 18 53 99 71 78 20 4 5 2
TEST 111 ARG:60 24 71 34 66 87 12 73 19 26 31 36 20 33 43 77 3 11 63 81 15 64 62 0 42 65 82 53 27 88 79 99 47 1 49 93 48 97 86 89 70 75 51 69 90 59 17 61 25 46 40 32 55 57 76 8 52 14 45 94 68 38 80 9 54 74 10 37 58 67 78 41 18 5 85 98 2 29 96 23 72 92 83 21 16 39 30 56 28 50 4 22 35 13 95 44 6 7 84 91
TEST 112 ARG:90 58 57 32 17 55 89 1 37 54 11 64 49 50 31 93 86 8 44 38 24 46 21 4 42 59 15 73 87 67 74 35 10 99 83 3 78 91 43 92 72 22 69 82 34 60 62 45 19 61 51 81 70 41 12 40 29 33 53 79 68 27 52 30 80 94 76 14 84 2 23 96 88 97 6 75 39 26 95 56 5 36 25 0 28 77 47 18 63 13 20 65 85 71 98 7 9 16 66 48
TEST 113 ARG:13 9 51 4 15 85 65 63 44 88 29 38 83 47 30 77 68 96 8 78 45 3 23 10 58 95 49 73 41 43 97 98 80 24 82 66 46 91 89 33 7 74 27 94 76 22 72 50 31 2 69 0 35 57 20 64 59 99 42 84 16 14 79 39 6 40 55 61 17 19 12 52 18 32 5 48 93 53 81 54 92 28 60 90 62 34 36 75 67 70 11 1 56 26 37 25 21 86 87 71
TEST 114 ARG:26 25 38 7 47 51 50 1 62 66 65 45 77 30 12 80 70 61 75 60 19 95 34 78 67 44 91 11 98 23 6 42 3 15 68 36 0 93 58 14 59 37 56 74 52 40 49 64 54 55 20 32 28 46 86 35 43 5 96 13 97 2 83 85 8 89 99 76 94 10 9 48 21 27 33 57 79 29 53 73 17 69 81 71 87 22 41 90 82 16 63 88 39 24 4 72 92 31 18 84
TEST 115 ARG:49 96 44 14 30 76 7 31 35 51 72 23 65 74 71 43 3 2 64 55 66 79 4 99 46 22 32 90 86 33 0 21 77 93 24 88 92 83 39 60 58 16 9 73 48 91 52 97 70 56 34 85 61 8 18 50 47 29 95 78 6 75 5 26 68 67 10 12 81 19 80 69 38 62 28 40 54 36 82 17 15 20 42 89 25 1 63 87 37 94 98 41 45 57 84 53 13 11 27 59
TEST 116 ARG:11 66 58 76 62 84 18 9 41 40 6 54 91 47 92 27 45 65 53 94 69 86 1 79 16 37 90 38 42 34 97 61 25 52 89 98 35 19 74 64 67 71 13 3 4 57 7 83 20 56 22 81 99 85 46 30 72 68 44 63 49 60 59 73 88 21 48 33 39 28 70 29 14 50 15 32 93 55 8 80 2 51 77 36 23 24 95 78 43 87 82 26 12 96 10 31 17 5 75 0
TEST 117 ARG:48 67 77 85 39 37 42 73 11 6 41 74 90 88 44 25 72 46 33 1 97 49 31 29 17 81 27 26 60 40 65 78 15 84 13 16 95 94 12 53 92 43 30 79 56 57 38 91 64 32 14 93 28 61 18 20 98 4 45 99 76 21 3 89 71 59 2 70 36 10 83 50 80 47 69 0 34 55 63 54 9 5 51 96 8 62 23 58 68 35 22 75 19 82 52 66 24 86 87 7
TEST 118 ARG:67 52 11 20 31 55 24 60 1 87 70 64 25 41 65 50 78 56 43 33 40 58 6 48 22 45 36 85 80 95 38 98 0 92 21 28 42 10 13 71 93 79 82 49 26 27 44 96 57 37 74 14 29 69 39 68 66 4 51 17 9 99 84 32 61 76 90 12 73 8 59 86 23 62 94 30 35 34 19 97 81 7 75 16 72 47 53 77 5 88 15 3 89 63 18 91 46 54 83 2
TEST 119 ARG:30 14 51 55 24 64 23 53 46 50 59 62 8 84 67 52 21 34 0 5 79 81 61 65 22 15 47 78 2 40 16 60 48 33 4 73 89 11 75 17 83 54 72 99 35 7 71 66 1 98 18 76 10 94 31 36 70 82 92 19 91 77 3 80 74 87 45 28 43 69 9 39 49 68 90 58 20 13 32 38 41 85 56 29 26 12 57 93 97 96 88 6 37 44 86 27 42 95 63 25
TEST 120 ARG:92 28 76 40 10 82 56 33 51 95 2 96 43 34 78 13 61 81 4 6 48 18 94 24 35 22 91 23 70 21 15 72 26 5 7 49 9 41 8 1 88 3 16 84 31 11 73 59 53 25 63 50 77 66 19 87 68 57 83 0 42 60 44 69 29 75 20 46 30 45 37 52 85 99 79 98 38 65 12 80 36 86 17 71 74 32 39 58 47 89 27 54 67 93 97 14 64 55 62 90
TEST 121 ARG:76 15 13 12 8 75 53 67 26 33 62 66 52 81 92 79 77 19 86 82 64 51 0 63 29 94 85 96 60 6 16 68 10 97 98 54 25 43 83 9 32 88 30 24 57 17 46 1 71 20 78 48 50 99 3 35 69 90 40 42 58 91 45 4 31 36 7 44 21 70 11 41 39 80 56 93 23 2 14 18 87 37 22 84 61 73 95 47 27 34 74 89 65 55 28 72 59 38 49 5
TEST 122 ARG:23 80 70 22 19 85 43 55 17 31 98 0 46 45 2 63 9 86 77 13 41 49 35 12 32 20 3 33 78 91 53 71 67 36 93 89 58 21 39 66 47 76 40 50 8 44 90 37 57 25 97 7 54 62 69 83 29 56 99 38 92 87 27 68 5 79 42 16 94 18 96 61 84 1 51 82 60 59 52 26 30 95 11 24 75 72 14 81 6 88 4 28 48 73 74 34 15 10 65 64
TEST 123 ARG:9 93 53 48 75 16 43 44 52 0 35 70 56 86 64 14 79 40 73 98 65 78 97 68 49 42 29 17 26 76 47 60 20 66 22 80 87 82 94 67 5 7 59 39 34 46 54 11 38 85 25 91 62 50 18 4 88 51 3 33 71 36 55 95 84 10 45 28 96 21 57 6 30 19 89 41 8 31 1 90 32 15 63 12 23 61 74 72 99 92 13 83 81 77 58 24 27 69 37 2
TEST 124 ARG:31 34 54 93 71 52 92 36 47 73 86 91 49 11 65 27 12 46 5 99 22 37 60 30 75 81 10 66 43 17 26 18 55 25 59 32 61 58 89 16 83 74 39 4 8 80 9 38 28 51 44 15 33 63 20 72 13 50 3 29 45 2 78 88 67 7 21 82 98 77 0 96 87 53 23 19 97 35 40 70 90 41 85 48 24 79 42 14 95 56 68 69 84 76 64 1 62 57 6 94
TEST 125 ARG:53 60 42 14 61 43 44 84 48 87 39 34 64 30 73 0 10 7 80 19 91 20 33 55 88 22 99 94 31 70 71 93 9 50 45 36 15 62 41 92 90 26 75 78 27 56 17 69 40 89 58 66 98 38 8 81 96 74 5 1 83 6 18 79 29 82 52 54 4 85 32 28 16 46 86 51 67 49 65 76 57 2 25 68 21 37 12 24 95 35 72 59 47 3 77 23 13 11 63 97
TEST 126 ARG:68 10 76 82 8 61 45 86 87 65 24 94 50 54 60 11 98 44 5 40 13 39 22 58 56 70 28 53 79 75 12 83 48 29 66 74 34 33 63 69 20 36 99 71 32 41 85 6 0 47 21 55 26 67 78 80 88 89 17 52 14 51 35 4 62 90 96 93 37 27 46 43 38 18 2 9 30 23 19 42 31 1 84 81 92 25 72 73 91 59 49 3 95 64 77 16 7 97 15 57
TEST 127 ARG:42 61 81 65 86 69 15 82 96 24 45 60 14 36 93 76 91 88 5 46 33 95 50 52 73 10 39 32 89 18 71 80 19 51 26 66 43 97 31 4 1 99 59 56 12 55 75 13 70 92 84 28 29 85 68 94 22 23 34 63 3 87 90 21 40 35 79 2 72 30 48 20 37 67 6 0 9 41 98 16 11 77 8 53 17 78 54 47 83 57 74 44 64 62 25 58 49 7 38 27
TEST 128 ARG:19 71 83 29 70 51 13 72 3 53 62 32 49 21 30 23 60 2 64 67 84 24 42 28 0 39 61 97 86 8 18 36 6 93 54 57 81 7 79 95 31 88 55 74 34 99 16 96 69 85 27 89 91 5 68 59 43 47 48 26 41 73 90 77 56 40 22 44 33 38 37 20 65 82 12 1 46 92 87 17 52 14 58 11 9 15 94 35 50 10 98 45 78 80 4 66 76 63 75 25
TEST 129 ARG:38 6 95 40 18 79 68 86 21 74 61 29 85 14 82 13 60 26 53 35 22 17 41 84 89 73 9 16 33 67 24 32 44 25 10 36 66 48 52 80 75 3 47 76 1 62 23 96 15 37 65 7 45 5 83 42 99 30 78 31 88 2 19 12 34 91 54 94 81 71 70 72 92 46 0 39 43 4 28 77 55 57 20 51 93 90 11 8 64 27 58 97 98 50 63 87 56 69 59 49
TEST 130 ARG:47 15 2 31 80 26 62 46 48 1 58 97 63 8 64 77 90 65 87 51 4 88 55 29 6 86 5 95 61 83 25 21 72 36 33 93 41 54 44 0 84 60 69 82 42 43 79 10 96 78 37 7 76 11 91 17 9 71 12 75 3 89 52 19 49 66 28 98 57 67 56 50 23 34 35 94 40 38 92 99 53 73 68 16 74 13 30 59 39 70 24 18 14 22 85 20 27 81 32 45
TEST 131 ARG:96 82 32 16 43 6 25 65 31 56 93 55 2 80 14 85 95 1 69 91 15 0 12 81 88 38 49 19 5 37 72 53 22 86 90 70 89 44 84 46 27 8 75 79 36 87 17 68 71 35 61 30 99 52 9 33 7 47 50 40 78 39 45 57 94 51 41 18 98 63 28 48 4 24 73 26 42 3 23 77 10 66 54 11 29 13 64 62 21 92 67 83 60 34 59 74 58 20 76 97
TEST 132 ARG:17 97 35 69 73 34 62 79 33 8 72 53 2 13 36 12 20 45 7 39 28 91 52 31 67 1 58 48 10 30 29 26 63 6 82 78 22 56 4 59 66 65 9 43 81 41 55 42 80 38 40 50 5 11 0 71 57 25 83 19 18 24 15 95 90 85 94 60 46 21 75 14 47 37 51 74 76 49 87 64 44 99 23 98 54 70 92 93 88 3 27 96 77 84 68 89 32 61 16 86
TEST 133 ARG:10 34 92 20 62 91 28 22 82 3 24 63 2 56 98 13 72 35 49 44 26 76 61 37 57 32 68 77 95 79 87 52 17 41 65 74 89 70 97 7 4 29 93 33 31 55 25 14 71 88 1 30 85 16 53 64 51 21 40 59 36 19 78 66 86 81 6 67 90 47 27 99 39 83 18 5 9 12 60 42 8 48 15 80 46 11 96 75 94 58 73 43 45 69 84 50 54 23 0 38
TEST 134 ARG:93 87 92 51 54 95 73 80 59 49 71 50 44 25 91 21 81 83 17 75 1 33 96 48 35 66 76 64 19 63 46 69 0 32 58 53 2 79 6 65 11 26 4 9 84 12 8 60 30 40 22 13 34 82 23 90 3 7 98 67 27 85 72 57 45 99 86 41 78 89 43 68 47 52 61 74 38 42 5 15 31 36 24 29 39 10 70 28 97 88 56 18 20 77 16 94 55 62 37 14
TEST 135 ARG:8 76 65 45 15 41 51 42 50 99 93 60 9 67 91 86 22 33 17 92 90 28 37 40 94 27 46 5 53 95 56 6 32 69 78 21 43 49 29 82 72 77 1 64 18 68 89 55 52 71 48 79 58 70 35 11 57 84 83 85 30 66 20 88 13 3 36 7 54 25 59 14 0 31 26 87 74 73 24 98 19 38 44 2 97 63 16 81 96 34 75 39 47 12 80 62 23 4 61 10
TEST 136 ARG:80 81 50 33 38 97 53 2 25 43 92 49 95 72 12 58 18 73 8 35 61 66 55 63 15 5 1 60 68 37 30 31 56 69 83 77 91 78 42 19 47 67 90 11 29 85 41 27 70 76 86 89 36 14 9 46 22 57 96 62 54 44 82 26 32 65 4 64 79 17 34 87 74 6 40 3 52 48 20 28 21 7 16 51 94 84 10 88 24 59 93 0 23 39 71 99 13 45 75 98
TEST 137 ARG:65 76 44 66 38 71 92 68 90 36 35 75 2 23 10 6 51 28 85 21 19 42 99 34 50 14 30 17 73 83 45 86 16 82 58 22 3 57 89 33 95 87 93 69 94 98 31 91 81 54 43 61 5 46 40 67 48 53 32 0 96 79 47 18 12 80 25 13 72 49 77 62 56 78 88 9 37 11 24 63 52 64 15 26 97 4 55 59 60 20 27 29 70 84 41 8 7 74 1 39
TEST 138 ARG:60 72 77 55 29 97 18 26 43 51 59 4 80 69 94 78 25 87 27 89 93 44 35 50 45 47 22 91 16 40 70 34 90 99 9 32 41 67 23 12 92 81 13 8 75 66 52 28 19 74 2 5 62 38 20 46 79 95 10 39 33 63 3 65 1 96 0 57 37 82 71 15 48 53 49 68 30 83 58 86 73 64 84 11 56 36 7 14 17 31 85 42 88 54 24 6 98 61 76 21
TEST 139 ARG:62 40 10 32 67 65 53 4 16 24 18 23 92 43 15 71 51 46 76 79 41 85 75 89 12 78 25 11 13 83 93 28 73 86 7 38 33 1 31 69 88 26 61 48 97 99 66 72 45 39 68 21 91 49 55 6 37 36 82 2 63 5 87 80 19 74 60 29 35 90 47 59 34 9 44 27 0 64 57 8 54 56 50 58 81 98 94 96 22 52 20 17 77 14 70 84 30 3 42 95
TEST 140 ARG:4 31 27 39 85 97 61 36 48 77 9 45 21 5 78 65 43 22 87 64 70 25 94 67 0 56 30 12 38 55 16 37 6 26 20 92 29 10 99 58 98 42 52 72 83 50 51 46 79 96 28 57 63 41 18 44 32 54 59 34 69 47 8 84 3 2 33 17 24 1 13 53 40 89 91 80 88 75 93 81 76 14 62 71 11 7 66 68 19 15 73 74 60 95 86 82 49 23 90 35
TEST 141 ARG:36 68 8 51 11 13 17 86 42 58 7 72 62 22 0 69 93 26 63 89 76 92 20 79 98 94 56 23 91 55 77 97 24 5 66 1 45 14 96 10 90 84 43 65 46 18 54 4 34 60 21 6 85 28 12 88 29 30 37 49 95 53 19 99 59 40 41 15 52 9 71 31 16 3 2 87 39 35 74 82 73 48 70 32 67 27 47 80 81 83 38 64 33 61 44 75 78 50 25 57
TEST 142 ARG:22 98 12 94 36 47 95 37 57 75 82 71 92 27 77 48 67 8 3 40 10 44 6 54 18 19 51 80 1 76 16 43 5 39 90 34 74 15 46 79 55 87 88 32 61 2 84 65 93 91 11 41 28 70 35 25 33 64 52 69 23 17 0 49 26 89 56 86 78 7 31 53 85 9 99 63 50 29 24 20 68 42 62 60 4 14 38 58 45 97 73 83 13 30 59 72 81 21 96 66
TEST 143 ARG:49 60 39 20 19 68 16 42 26 97 76 18 51 94 27 14 74 95 1 61 41 31 15 23 40 22 81 70 99 55 46 30 13 44 85 33 7 36 8 75 29 5 12 2 83 86 32 67 82 25 93 77 47 34 35 96 57 98 92 59 71 0 53 38 88 58 48 89 90 10 78 80 43 66 69 56 21 4 3 28 6 62 50 72 11 45 17 79 87 37 52 24 9 84 91 73 65 63 54 64
TEST 144 ARG:17 80 67 10 18 39 96 91 19 92 95 38 99 98 83 52 73 15 1 5 54 93 34 6 14 60 94 62 8 58 59 37 86 43 33 9 55 51 12 4 46 48 20 90 57 24 49 26 30 50 56 82 53 75 97 66 13 21 89 70 61 85 2 68 79 28 35 45 76 36 87 41 7 81 32 69 64 78 3 71 65 11 22 31 74 84 47 63 88 0 42 44 27 16 72 25 77 23 29 40
TEST 145 ARG:97 93 89 50 42 53 36 3 66 39 28 75 8 67 83 57 95 73 40 41 86 4 45 30 18 16 90 62 82 59 88 47 14 60 25 10 76 48 61 54 70 81 21 79 9 2 55 5 37 32 22 12 78 84 29 13 69 0 64 80 1 77 11 34 49 38 24 46 6 35 92 96 94 51 33 98 63 87 65 71 74 99 91 56 20 17 23 26 19 72 58 68 85 44 15 52 31 43 27 7
TEST 146 ARG:50 54 66 45 90 6 52 60 11 32 5 97 12 44 96 7 24 64 82 57 59 36 20 67 29 79 31 26 74 28 55 62 51 13 86 8 2 56 49 42 27 33 34 9 48 16 75 3 47 73 68 84 46 41 40 14 77 61 53 58 78 21 81 71 65 93 37 95 1 89 92 25 91 19 98 72 69 35 23 39 80 30 76 94 43 99 85 0 88 38 15 17 87 22 10 4 70 63 18 83
TEST 147 ARG:83 82 24 49 40 69 66 8 0 94 32 68 27 79 44 26 80 48 15 17 42 56 72 6 57 18 64 75 43 58 28 73 78 62 16 55 14 74 33 29 37 70 25 85 63 11 71 34 81 7 31 93 99 45 13 38 54 97 50 60 88 39 91 61 5 51 96 30 4 84 21 1 23 65 19 76 10 89 53 86 20 90 35 95 9 98 77 12 59 47 87 2 22 3 92 41 52 46 67 36
TEST 148 ARG:76 87 65 52 46 18 0 59 97 44 58 32 50 81 88 5 42 12 45 31 9 29 96 22 8 13 39 4 78 92 37 24 48 53 75 74 85 16 20 35 6 14 43 30 94 71 70 23 41 73 72 19 82 63 60 62 47 80 68 55 95 25 36 11 66 90 15 98 2 79 51 26 38 57 86 17 10 64 99 33 40 21 77 54 28 89 83 93 34 61 1 3 67 69 49 56 91 7 27 84
TEST 149 ARG:94 9 81 99 70 0 39 20 1 78 85 77 50 72 53 55 5 43 95 30 14 6 67 34 84 80 96 87 64 91 47 59 15 29 11 40 68 12 93 22 10 76 17 4 16 54 62 3 45 97 35 66 86 57 90 63 51 31 56 28 52 13 19 37 8 42 33 82 92 49 48 26 7 44 18 41 83 79 98 24 32 58 23 75 65 46 71 88 61 36 69 89 27 21 74 60 25 38 73 2
TEST 150 ARG:88 55 68 38 20 89 80 62 17 70 99 67 85 19 45 12 81 98 14 21 6 90 60 84 49 47 93 4 35 46 33 78 3 74 37 79 36 8 52 34 31 77 83 73 95 96 87 72 48 28 61 92 25 65 71 50 75 43 32 22 1 56 63 64 16 57 44 39 2 7 66 69 54 29 97 51 18 0 53 13 86 59 24 10 42 40 26 76 30 82 9 15 5 58 94 41 11 23 91 27
TEST 151 ARG:43 4 89 72 55 32 11 10 51 5 68 2 87 21 22 40 77 35 88 78 49 85 99 19 84 90 74 45 33 71 1 25 20 13 27 52 15 94 54 61 53 66 86 41 50 29 28 16 8 47 67 81 70 42 69 3 36 0 59 83 46 76 92 37 57 75 39 24 9 7 30 14 97 58 12 96 18 95 23 98 6 31 48 38 82 56 44 65 34 63 91 60 62 17 79 80 73 26 93 64
TEST 152 ARG:41 92 21 2 85 70 77 23 55 5 24 56 50 76 0 79 10 59 66 83 48 47 42 71 29 17 25 36 62 22 93 13 35 27 40 11 73 67 14 87 38 89 31 20 8 1 68 84 61 15 82 99 74 6 91 78 9 88 18 33 58 28 30 26 80 72 44 94 12 34 65 16 4 97 81 3 51 86 96 52 43 37 95 46 64 54 69 60 57 19 39 49 7 32 45 90 53 75 63 98
TEST 153 ARG:60 43 50 63 3 2 47 38 25 98 1 31 32 68 10 18 28 19 20 94 52 62 66 35 24 84 76 96 51 6 44 12 0 13 49 67 70 75 34 92 71 22 23 36 33 30 79 17 42 9 93 95 57 65 82 72 59 26 69 87 5 88 48 99 40 64 81 45 74 55 16 4 85 14 41 29 78 80 27 54 77 56 91 90 73 39 11 15 37 61 53 46 97 21 58 7 86 8 83 89
TEST 154 ARG:44 15 73 87 58 20 83 59 56 42 45 26 36 72 51 1 40 98 37 0 25 94 38 55 29 11 19 49 6 52 81 88 84 7 60 78 50 97 90 70 96 62 22 28 8 16 91 75 33 41 74 67 9 63 53 24 77 3 65 61 5 31 93 43 85 66 4 71 86 27 17 30 35 14 39 12 82 76 34 23 69 64 79 46 95 92 99 2 80 32 21 57 68 13 89 18 10 47 54 48
TEST 155 ARG:25 57 48 22 72 18 65 16 83 81 20 82 97 71 61 2 27 92 80 58 19 10 94 89 78 59 98 15 42 77 29 11 9 44 91 62 87 84 41 85 73 38 33 24 37 86 17 95 34 66 90 23 35 4 56 8 88 46 67 53 39 40 93 43 69 70 64 79 14 68 49 30 54 75 7 32 45 50 3 51 0 76 47 13 31 21 55 28 1 12 99 5 74 36 96 6 60 26 52 63
TEST 156 ARG:79 75 90 70 23 16 11 93 18 45 20 5 0 19 77 39 72 1 65 96 84 25 73 92 13 10 4 94 60 37 91 66 46 59 14 76 74 82 31 24 83 32 21 99 26 12 87 7 9 47 53 64 50 95 48 88 41 44 29 40 68 61 80 43 69 58 38 17 27 51 22 15 62 52 56 81 34 63 98 30 35 28 71 57 89 54 8 86 55 78 3 6 36 33 49 2 42 97 85 67
TEST 157 ARG:83 76 38 29 82 62 95 25 73 79 52 16 67 91 66 70 13 47 81 23 53 49 36 74 42 32 39 93 90 65 17 8 35 88 92 14 7 94 97 24 37 71 80 6 40 46 77 41 58 1 84 10 60 54 98 50 45 21 57 78 99 4 34 56 55 33 86 48 72 12 11 61 85 9 31 3 5 27 26 15 19 30 28 89 69 87 96 2 20 22 68 64 43 0 63 59 44 51 75 18
TEST 158 ARG:74 92 80 96 34 40 48 87 4 60 21 63 57 28 89 16 68 64 67 30 46 29 76 95 32 0 53 81 56 41 2 6 59 79 85 31 19 9 43 78 52 66 22 51 73 8 61 25 84 24 90 45 99 91 72 14 75 42 88 37 5 10 17 27 38 7 54 94 3 44 93 11 18 35 47 71 36 13 69 20 49 83 98 62 82 58 97 65 15 70 23 33 86 77 12 1 55 39 26 50
TEST 159 ARG:73 84 13 62 93 54 41 30 10 89 42 43 86 71 31 37 49 5 79 22 4 87 72 28 27 23 60 97 65 59 70 80 78 57 18 81 96 95 3 9 94 50 74 99 68 6 90 40 85 82 32 8 26 34 66 45 76 75 91 14 56 11 35 48 29 53 58 83 67 47 36 24 38 44 51 64 19 33 2 20 63 46 0 98 21 39 25 52 61 77 7 1 16 69 15 12 55 88 17 92
TEST 160 ARG:76 1 21 64 66 99 3 59 91 87 67 69 42 86 73 58 27 57 12 40 79 20 28 90 26 35 22 55 33 50 19 98 84 13 16 85 11 97 34 5 45 54 62 88 61 53 41 15 56 18 83 82 52 4 7 74 49 17 63 37 29 24 30 38 72 70 94 2 65 23 77 47 95 6 89 25 48 14 81 10 60 68 93 0 32 92 9 36 51 43 71 96 75 80 39 46 78 44 8 31
TEST 161 ARG:95 92 90 72 75 40 80 17 42 86 89 98 74 1 28 88 47 46 99 24 20 22 67 48 7 10 61 25 34 9 26 81 94 45 4 39 11 58 62 51 16 14 29 13 63 2 69 23 82 49 84 53 27 33 85 44 78 60 35 77 32 38 6 70 76 36 50 19 41 21 5 71 0 55 30 96 73 54 18 37 12 79 15 91 3 87 68 8 43 59 66 97 31 93 52 64 56 83 57 65
TEST 162 ARG:28 37 0 6 34 4 48 23 60 32 98 88 45 78 80 93 70 74 87 18 41 67 83 22 84 96 21 65 36 92 59 16 64 17 57 68 8 2 33 40 63 11 43 53 29 94 13 77 89 47 38 42 12 90 52 31 73 3 49 24 10 25 39 46 62 69 75 20 1 76 99 35 44 71 86 30 72 14 56 50 61 58 66 97 82 7 5 95 54 15 9 81 55 85 27 51 91 26 79 19
TEST 163 ARG:81 11 2 24 0 96 54 59 14 3 48 76 68 50 45 91 97 69 15 79 82 20 78 10 13 34 18 52 22 58 1 43 85 62 38 55 88 93 66 72 25 64 86 8 83 35 9 51 26 71 31 4 89 12 23 41 44 42 80 47 99 60 77 5 30 21 28 98 67 36 46 70 94 40 84 32 29 49 95 17 53 87 19 16 92 90 7 33 56 27 75 63 73 39 6 65 74 37 57 61
TEST 164 ARG:85 16 99 13 67 4 44 95 27 98 33 88 97 77 73 40 42 54 37 58 75 55 93 80 74 86 34 52 1 50 6 32 87 9 82 51 53 12 64 8 17 91 79 0 66 11 18 29 76 94 41 61 24 89 47 35 63 22 2 57 70 62 46 59 25 23 5 14 96 56 15 78 38 90 45 21 43 48 49 84 68 81 39 26 7 19 10 30 20 3 36 28 65 92 31 71 69 83 72 60
TEST 165 ARG:43 71 83 98 30 23 77 26 24 37 36 42 6 88 34 99 59 48 66 27 21 49 47 32 19 9 61 86 50 58 87 89 76 95 11 41 5 3 33 35 60 65 39 73 20 52 22 16 12 72 75 25 94 4 13 15 44 96 46 8 45 92 51 2 55 90 85 38 54 29 68 91 14 97 84 64 10 80 69 82 28 79 17 62 67 31 53 93 78 63 7 0 81 70 74 57 40 56 18 1
TEST 166 ARG:10 54 18 75 1 43 90 42 69 66 80 11 76 83 34 65 37 98 79 72 9 61 0 53 50 36 35 24 26 21 84 41 97 57 73 40 3 17 8 7 12 64 86 56 59 30 20 46 94 91 29 67 85 6 89 25 48 47 2 38 39 16 27 62 5 52 22 77 15 70 4 81 19 14 13 23 95 93 82 71 60 51 45 96 63 58 92 78 99 55 32 44 74 33 28 87 31 88 68 49
TEST 167 ARG:47 7 59 50 23 76 95 37 82 3 99 75 9 2 51 17 33 97 4 11 22 8 0 35 30 68 39 43 91 48 44 85 13 67 84 98 42 96 61 74 25 45 81 88 18 87 66 72 34 69 92 73 86 24 41 1 32 60 40 16 52 93 19 77 64 89 65 70 49 71 90 94 46 36 26 57 53 31 56 63 28 10 55 20 15 62 80 83 12 5 21 79 54 78 27 14 29 38 58 6
TEST 168 ARG:7 96 86 77 28 74 94 27 38 32 26 6 8 53 91 12 71 54 50 22 93 2 90 39 85 82 95 14 98 0 10 56 83 16 25 97 59 17 4 57 51 73 37 40 63 52 79 64 20 78 33 60 81 65 24 1 41 44 34 62 30 9 23 92 61 75 99 15 5 55 35 48 45 70 21 69 43 13 89 68 76 18 46 84 36 67 80 87 66 31 47 29 3 88 72 58 11 19 49 42
TEST 169 ARG:58 87 94 65 54 15 64 85 72 43 55 24 5 56 60 63 52 76 53 57 80 86 40 29 93 32 4 88 6 36 69 13 14 84 99 48 3 71 97 12 68 82 11 37 10 47 44 81 25 67 16 96 89 62 35 42 83 75 41 26 21 17 18 27 79 78 38 74 8 61 33 73 30 7 51 19 90 1 98 9 49 91 77 92 2 31 50 28 46 0 45 22 70 66 20 23 34 39 95 59
TEST 170 ARG:47 72 21 20 59 80 83 82 77 64 88 89 50 96 45 3 15 49 41 30 24 85 53 25 38 71 22 8 1 44 54 91 32 74 63 36 52 6 94 61 73 86 46 70 99 31 62 0 93 14 18 34 5 17 67 84 90 78 4 87 9 97 13 33 37 55 98 76 57 27 92 58 51 66 95 68 42 28 75 65 56 39 79 16 7 69 43 81 19 11 40 26 23 48 10 2 12 60 35 29
TEST 171 ARG:60 30 91 61 27 80 69 52 96 56 71 17 32 93 81 68 15 72 25 26 92 55 41 14 79 34 8 6 23 18 47 3 39 59 75 21 85 70 43 82 84 1 11 64 90 24 51 33 36 35 31 20 7 28 12 62 22 65 99 78 76 58 46 38 67 16 94 49 48 45 42 57 66 40 97 44 5 63 88 98 86 89 87 53 19 10 95 29 77 54 50 83 74 37 0 13 4 9 73 2
TEST 172 ARG:9 41 25 30 13 5 22 32 28 3 66 44 59 40 67 37 90 71 8 31 96 80 11 34 1 76 63 82 62 4 52 85 45 72 49 61 17 39 55 68 99 57 60 27 12 50 21 69 26 88 65 36 58 6 48 73 95 15 42 14 38 47 87 16 18 70 24 79 46 54 93 91 43 56 23 89 35 86 0 53 97 10 84 74 81 19 33 29 77 92 78 2 7 20 75 51 98 83 94 64
TEST 173 ARG:93 84 72 94 14 52 4 9 31 73 26 48 12 91 32 63 64 77 66 45 16 49 99 43 38 76 10 15 51 98 59 2 62 21 50 25 1 23 65 61 80 37 53 13 75 89 19 57 55 95 69 78 96 3 6 0 27 68 33 5 41 47 22 97 60 7 90 85 8 39 67 18 40 42 87 54 29 74 82 58 83 35 28 34 20 11 56 79 92 24 86 36 46 44 70 71 30 81 88 17
TEST 174 ARG:30 42 55 35 10 78 61 52 40 64 4 56 83 15 33 51 80 87 69 46 93 12 76 14 91 92 57 79 70 50 5 72 29 39 73 86 7 23 3 96 43 47 21 85 98 63 97 13 60 68 71 67 17 16 11 25 65 28 8 24 59 22 82 44 27 66 6 36 0 48 62 84 95 19 34 94 38 26 75 37 89 20 9 45 58 81 54 1 88 18 2 32 77 31 41 99 49 90 74 53
TEST 175 ARG:75 5 69 88 97 94 62 54 40 90 22 79 47 98 12 3 11 9 43 80 59 84 56 76 2 92 34 31 21 66 82 15 1 48 67 93 53 96 72 81 71 27 28 86 6 55 30 89 33 68 45 65 64 42 44 10 24 16 57 49 61 26 4 78 70 91 52 60 41 74 18 38 23 0 25 20 95 29 7 73 63 14 36 35 58 77 83 99 13 19 51 85 17 37 87 39 46 8 50 32
TEST 176 ARG:22 55 34 0 1 62 3 98 17 44 18 82 9 88 74 97 13 80 8 12 89 87 96 41 91 76 93 69 35 68 31 23 49 10 86 85 53 65 24 27 32 30 56 90 99 50 61 78 64 45 39 57 28 73 25 92 52 36 38 72 51 40 83 26 47 71 81 63 2 58 7 6 14 16 84 37 42 70 20 46 94 29 4 33 59 48 75 11 43 66 60 67 19 95 5 77 21 79 54 15
TEST 177 ARG:78 30 67 77 69 15 94 51 80 81 54 96 91 68 58 42 72 10 29 70 86 89 12 63 20 99 27 95 7 18 9 74 40 36 45 44 0 82 11 75 55 52 35 39 97 23 59 62 61 84 1 31 4 25 19 43 65 3 60 47 73 57 79 28 13 24 88 50 64 2 87 83 71 85 5 26 92 66 93 17 37 32 16 53 98 76 21 6 38 48 41 46 14 90 49 8 34 22 33 56
TEST 178 ARG:46 8 84 40 48 69 90 98 6 66 96 2 0 64 74 22 53 3 4 1 88 86 16 94 92 43 71 57 10 76 80 17 5 68 51 56 31 15 19 79 35 41 11 93 58 36 47 82 21 50 9 73 89 62 42 85 67 28 38 81 59 65 32 97 75 72 54 91 37 33 13 44 30 29 63 45 52 87 24 99 55 78 83 60 70 26 23 49 61 39 18 20 25 12 95 77 7 14 34 27
TEST 179 ARG:8 70 56 20 34 18 88 61 15 80 36 48 79 66 9 39 4 52 32 96 97 21 49 26 53 50 93 31 1 89 6 35 28 54 47 5 13 94 58 87 22 81 33 12 19 72 27 17 24 75 41 85 67 25 82 55 40 76 45 30 84 10 99 90 62 92 23 43 86 38 91 51 59 71 46 74 77 7 60 37 83 14 0 29 2 42 64 57 78 16 65 73 98 44 3 63 11 95 69 68
TEST 180 ARG:44 48 87 91 78 76 10 94 11 57 43 3 19 20 32 30 45 68 97 13 27 54 8 35 49 96 21 82 12 31 95 50 85 79 73 80 33 24 86 52 66 26 51 77 89 42 74 84 93 40 61 15 67 38 90 63 83 9 60 34 2 7 81 22 23 36 4 18 65 17 14 92 75 46 71 41 55 37 58 39 1 64 88 5 0 69 98 53 25 99 6 16 62 70 72 47 56 28 59 29
TEST 181 ARG:85 20 32 29 38 0 73 61 14 91 72 71 46 28 98 53 86 64 67 89 74 2 9 56 63 99 59 22 16 54 24 83 81 8 21 41 10 57 27 26 97 77 92 75 15 45 48 5 25 35 18 43 36 78 44 70 34 31 96 37 93 82 94 3 76 90 1 23 11 68 39 87 51 42 33 69 60 13 19 4 49 17 65 52 12 47 79 55 66 95 40 50 7 88 62 80 30 6 58 84
TEST 182 ARG:6 32 78 48 0 89 69 82 72 26 60 98 12 13 79 63 94 61 96 4 35 8 19 22 16 52 73 65 23 34 85 14 31 51 21 77 91 5 30 39 88 36 67 95 20 53 62 7 66 90 99 43 10 55 15 38 9 17 84 75 27 28 83 25 24 71 18 3 33 46 37 76 29 47 70 1 74 80 54 97 42 2 40 81 64 59 93 50 56 44 45 11 68 87 92 86 49 57 41 58
TEST 183 ARG:29 34 46 24 62 81 40 76 70 92 35 20 83 66 14 84 71 43 87 3 63 12 41 77 9 8 51 47 79 54 61 74 91 21 95 64 6 18 56 49 90 39 57 37 25 50 7 22 60 17 19 28 23 48 26 86 96 69 65 98 31 80 13 89 82 88 30 55 52 73 93 94 45 1 15 99 10 42 68 32 59 5 11 0 58 72 16 4 53 38 33 78 2 27 75 85 97 67 44 36
TEST 184 ARG:52 19 22 3 69 65 98 73 50 57 32 80 49 35 89 95 56 27 99 63 94 6 78 40 21 33 38 10 20 14 29 25 79 31 91 88 53 62 1 86 26 68 37 77 83 9 39 74 45 44 71 46 85 64 82 30 87 5 23 16 90 18 42 36 8 34 84 48 2 97 75 76 96 59 93 17 4 15 66 7 51 43 47 81 60 55 61 54 92 41 28 13 67 12 11 70 58 24 72 0
TEST 185 ARG:4 59 38 47 27 25 64 22 50 48 86 29 57 75 3 77 34 97 61 60 83 1 71 54 65 79 15 37 69 49 85 42 10 18 63 33 6 96 73 93 8 41 90 78 72 80 53 16 23 39 5 9 87 88 89 30 24 91 94 56 98 76 40 44 28 81 14 55 0 66 58 12 82 62 17 95 20 99 7 32 11 70 45 84 52 31 67 92 2 46 21 51 19 36 35 68 26 43 74 13
TEST 186 ARG:60 9 52 89 55 38 41 26 74 14 73 19 72 18 29 22 3 68 71 30 96 11 67 65 76 62 53 43 83 27 79 13 97 39 51 94 78 87 66 58 34 36 70 63 59 90 25 46 4 33 84 86 95 32 98 6 69 93 88 56 92 7 77 21 45 64 17 16 61 23 48 2 37 20 80 40 82 15 35 12 99 85 10 81 24 50 91 49 44 54 42 0 57 1 5 8 28 75 31 47
TEST 187 ARG:63 48 42 36 7 38 17 94 6 23 56 16 12 97 3 31 43 72 73 18 55 47 79 19 80 50 77 30 87 76 34 78 5 46 83 9 11 65 70 93 35 54 88 68 99 85 37 66 10 89 33 61 22 26 25 2 57 39 81 27 51 29 62 40 28 71 53 86 4 20 41 44 0 24 98 52 75 58 21 92 8 45 91 49 95 32 90 1 59 67 60 96 14 69 84 82 13 64 15 74
TEST 188 ARG:20 50 80 46 22 8 74 10 61 7 59 43 2 91 39 44 79 14 23 97 92 83 52 78 12 5 33 58 70 82 76 11 18 84 3 0 36 62 56 86 37 85 27 31 57 32 73 95 60 98 77 64 30 69 40 51 99 28 89 67 29 66 21 16 65 54 38 1 26 88 71 81 35 41 4 24 48 87 90 49 94 25 53 19 68 63 42 55 13 34 6 96 75 45 72 17 15 9 47 93
TEST 189 ARG:72 10 5 39 47 26 37 74 79 62 8 44 13 80 25 4 87 63 77 95 35 1 94 14 59 34 43 99 82 78 40 50 18 33 16 71 81 27 92 22 54 56 36 46 76 88 31 45 73 41 42 30 28 17 7 19 48 86 98 15 2 93 24 66 57 90 9 70 91 49 55 23 32 89 85 52 97 96 61 69 75 65 12 67 60 58 51 29 83 21 84 53 38 20 3 64 11 6 0 68
TEST 190 ARG:54 2 93 11 8 92 18 41 42 34 6 65 55 1 24 87 35 5 83 79 3 66 56 0 13 85 19 62 89 95 77 52 69 28 10 12 91 4 80 15 99 63 25 38 74 84 48 75 51 9 26 82 57 76 97 39 47 49 86 60 71 31 96 16 53 44 20 30 22 67 29 98 78 7 45 64 14 70 73 23 58 50 88 59 36 27 72 90 81 32 43 17 61 37 33 21 46 94 40 68
TEST 191 ARG:39 90 71 41 93 5 91 49 77 33 86 22 61 44 34 20 9 35 29 54 92 79 45 14 0 24 63 58 72 64 68 75 50 13 48 60 96 89 6 37 11 17 47 76 2 53 99 21 87 59 69 40 42 36 98 95 32 3 7 82 4 85 65 46 56 81 73 78 62 38 51 27 83 15 25 8 88 18 97 23 80 31 28 94 19 70 84 12 16 26 1 10 52 74 55 66 43 30 67 57
TEST 192 ARG:55 6 24 42 4 31 57 18 84 34 12 43 38 87 88 97 20 86 33 11 63 74 41 25 2 40 59 58 72 5 26 82 99 45 29 89 94 95 79 1 53 61 96 44 92 39 32 78 71 8 67 81 14 83 48 93 80 90 50 13 36 85 73 19 17 37 52 27 35 54 7 66 22 16 28 49 21 91 46 98 47 10 70 65 23 15 3 75 68 62 0 77 9 51 64 56 69 30 60 76
TEST 193 ARG:17 5 39 0 42 58 27 77 9 81 34 90 47 93 94 61 13 18 19 73 60 44 30 20 37 32 65 95 74 40 29 62 56 92 8 41 7 46 98 24 23 84 52 26 16 66 28 91 86 83 22 67 96 10 25 55 80 35 71 1 3 78 85 6 76 54 36 31 45 82 12 33 51 2 63 4 21 72 59 97 88 49 64 89 70 15 87 43 99 57 38 48 68 53 11 79 75 50 14 69
TEST 194 ARG:85 69 31 67 30 46 97 95 42 38 94 47 73 10 39 62 89 88 18 60 64 45 29 68 35 37 98 9 36 43 1 92 4 48 34 13 40 78 52 86 74 11 93 87 96 90 7 5 53 80 28 55 8 54 49 21 41 44 0 6 63 56 16 75 3 26 59 99 57 66 25 72 58 65 12 84 76 17 19 23 79 77 27 14 61 51 32 83 24 22 82 15 50 81 33 71 20 70 91 2
TEST 195 ARG:44 82 59 74 42 30 77 25 27 1 39 33 90 55 24 38 58 0 32 95 17 36 2 93 7 71 89 65 47 75 84 12 86 21 23 40 6 56 10 67 60 69 37 29 73 53 16 78 87 81 49 85 88 62 11 92 48 96 83 9 20 18 70 91 68 8 5 35 26 43 3 4 64 66 28 14 31 51 76 94 46 50 41 99 34 98 54 61 13 52 72 45 63 15 22 97 79 57 80 19
TEST 196 ARG:63 70 95 24 31 38 43 84 68 52 42 83 93 46 23 48 99 3 96 26 82 29 85 98 62 74 16 67 2 73 72 61 33 9 5 32 49 58 66 11 54 12 18 8 1 94 39 59 36 35 10 92 27 30 15 40 91 47 55 57 80 37 0 41 97 28 7 89 64 17 51 79 6 50 53 4 34 88 90 69 14 71 78 19 13 86 87 77 45 21 75 81 56 25 22 60 44 76 65 20
TEST 197 ARG:91 19 44 7 93 80 1 48 69 31 10 97 38 0 50 4 11 20 26 87 12 17 52 83 60 37 59 57 68 25 85 39 74 55 94 72 99 58 81 14 64 61 40 79 6 36 71 78 67 63 13 53 41 45 49 62 54 86 89 76 66 88 65 75 34 21 3 18 42 46 73 29 77 56 33 28 98 96 9 82 2 27 15 90 30 22 32 84 16 95 51 23 43 35 70 24 92 47 8 5
TEST 198 ARG:80 68 28 44 61 33 16 50 36 99 22 93 8 83 49 67 3 89 24 92 96 26 69 11 1 58 62 6 14 81 60 41 21 86 46 12 4 32 85 71 98 38 56 5 74 27 57 90 88 45 25 7 23 34 73 15 31 77 54 10 48 37 43 65 64 87 30 18 91 40 79 53 63 52 20 66 95 75 82 9 78 97 29 0 59 47 17 42 2 35 51 76 55 39 94 72 13 70 84 19
TEST 199 ARG:4 67 41 11 95 93 3 15 73 37 63 55 0 53 83 30 1 28 12 64 85 5 47 72 90 44 17 40 77 29 88 56 89 14 66 68 51 54 10 8 9 23 7 86 43 84 58 32 60 48 6 92 21 78 33 46 70 62 36 75 27 39 79 97 16 65 24 82 22 74 91 13 20 50 18 45 42 69 31 38 49 71 57 99 98 61 34 87 35 96 81 26 52 25 76 2 80 59 94 19
TEST 200 ARG:35 86 45 97 69 5 78 48 0 76 85 23 8 24 44 37 15 32 41 19 92 34 54 26 99 66 28 75 46 60 11 65 82 55 93 71 89 74 22 51 18 29 16 79 47 42 49 50 59 62 31 9 52 7 25 21 80 30 2 94 33 20 39 77 1 10 61 17 57 3 88 68 72 95 6 13 67 12 70 56 53 43 73 27 98 64 81 36 96 91 87 83 14 84 90 38 4 40 58 63
TEST 201 ARG:10 33 99 67 57 56 81 20 64 4 79 41 8 80 66 2 15 89 14 24 30 77 32 42 70 54 85 53 37 49 35 75 5 11 36 78 76 29 26 68 1 16 17 9 84 98 61 19 43 94 86 3 88 63 58 45 25 47 92 0 34 72 62 12 96 28 87 38 23 73 22 74 90 6 69 13 18 93 83 82 55 71 60 7 39 52 59 31 44 50 40 51 21 95 27 97 91 65 48 46
Multiple size <= 500
TEST 1 ARG:-27 -227 67 -215 -18 233 -48 40 126 114 -177 -67 -166 -144 -108 240 -185 -95 -208 116 50 -24 -131 84 12 97 -92 55 125 224 -241 -246 0 208 153 -85 139 -202 -82 74 99 -157 95 82 176 138 -118 -54 -109 -66 -11 161 146 235 -244 137 62 -107 -151 -22 43 -52 -34 217 119 -4 243 -31 86 203 194 7 219 90 192 58 -243 -239 245 199 -216 -193 -129 144 -142 -224 -7 185 -189 173 -186 -53 -36 17 -21 -167 16 22 177 -204 91 -39 -81 69 -165 -97 -23 32 -181 -71 -134 -234 164 159 -38 209 -76 -235 33 150 -96 57 229 201 171 68 -119 31 -192 -207 -33 -145 -154 30 141 -20 106 -221 148 41 70 -86 -121 163 133 190 -73 170 83 -74 -103 212 118 -226 79 11 77 162 121 -104 49 -140 -114 -46 216 -42 129 187 10 -110 -111 101 -14 92 131 227 -198 156 100 103 -9 -65 73 5 -161 -203 169 -245 247 4 215 -175 188 -194 -209 191 13 124 -187 25 -229 -150 204 -230 200 184 -232 151 123 196 130 248 236 -220 158 218 -116 115 -158 178 183 241 -77 -173 -94 145 -201 87 -30 14 105 -210 202 -122 168 -105 -159 -200 122 -41 -178 -13 -127 -61 242 205 -163 -16 -51 221 -240 246 -139 -148 120 -113 -213 110 28 210 42 -91 -141 51 -89 -102 -87 -179 6 113 71 154 -93 -214 231 213 -115 -217 -47 234 -100 -12 26 -171 89 -56 -188 -32 -237 52 -190 -90 -146 140 207 -218 -75 39 -45 -112 81 117 225 -130 80 -132 93 211 180 223 134 59 193 195 34 -196 20 222 179 -44 -211 66 94 -35 197 160 24 -152 230 44 8 -247 -40 -98 -37 186 23 -25 128 135 63 -1 -123 -170 142 37 -183 85 -26 -174 -242 -2 -125 -133 -63 238 9 1 45 147 -156 102 220 244 -80 -43 157 -72 -136 181 21 -222 182 -15 -176 27 -195 -50 -199 165 198 232 239 206 249 107 -84 -101 53 47 -191 -162 -78 189 18 -248 -228 149 -99 -182 228 -126 -55 -236 -83 61 167 -206 75 -205 -120 -59 -6 -49 -64 15 -29 -69 -219 -169 54 111 -10 -124 64 -28 -117 -250 127 108 226 19 -8 -231 -137 -147 143 -58 152 -238 -212 -168 109 132 -225 -172 35 166 237 78 -79 -149 155 -138 38 76 -70 -3 -153 3 60 -5 -155 -19 175 -143 -106 136 46 104 -180 -17 -184 172 -233 -135 72 -57 -68 -62 -60 88 98 -160 56 96 36 -164 -128 65 112 2 29 -88 -223 -249 -197 214 48 174
TEST 2 ARG:-92 86 -171 -21 249 -17 -47 -84 -187 -56 232 211 -106 169 18 60 120 -33 -229 27 -149 100 -71 94 -36 -116 -121 11 -165 -96 96 54 101 203 209 -67 -55 -127 107 16 91 -136 -57 38 -94 226 231 190 134 48 162 124 138 -211 -2 208 10 111 -157 210 -53 -147 85 -72 -3 221 -201 -224 -231 -175 140 121 126 212 -194 26 -172 58 28 117 105 153 167 -225 -209 193 -205 -93 -223 -177 -193 52 239 -174 205 39 -50 88 34 248 139 160 -163 -99 179 73 148 -65 -91 67 -160 -192 216 -226 35 -232 220 -23 214 64 -112 199 -161 74 -185 170 -242 -234 -62 -169 -150 -60 93 114 -182 227 -83 -244 -1 229 -32 13 155 187 -5 -151 133 0 137 -29 45 233 -16 76 184 228 82 -140 22 -155 -239 -46 198 23 42 -213 24 -38 116 -137 -170 62 -42 200 143 -75 -235 -64 8 240 -129 108 222 237 -66 -237 32 41 21 97 31 115 129 99 201 -100 244 -20 174 -206 127 -9 33 -68 59 149 9 -188 25 -221 118 -41 -139 92 238 119 -114 -179 -158 178 -126 5 -119 164 90 245 246 -73 102 -143 147 -48 135 -22 -138 4 104 -103 -123 87 192 -88 -111 72 -198 -43 44 213 -52 223 -243 -218 -63 -58 -184 109 -107 -202 188 15 19 -227 -4 180 181 219 -130 14 29 123 71 -89 230 -141 217 61 215 -24 -49 110 142 194 173 177 -26 234 -203 -109 43 -241 -196 -7 -6 241 30 195 156 -153 -95 185 -120 136 57 144 37 -132 89 1 65 159 175 12 183 95 55 -13 -77 125 -233 112 -18 69 66 3 -101 -30 7 -44 -145 -191 -37 -82 56 -134 -195 -14 -34 151 -105 -197 78 161 -148 171 36 -167 -79 -86 -236 206 191 -199 -102 -214 146 224 157 -90 -10 -164 -189 84 103 -54 132 -183 -217 128 -76 81 236 75 -222 -168 196 46 -210 113 -59 -208 -122 -31 68 98 -104 -39 -87 -78 51 49 -186 -98 -70 -156 -117 -51 -125 165 -118 -215 -190 -15 154 243 141 -27 -85 -28 145 -180 -216 189 158 -248 -230 -124 63 20 166 -162 -204 218 -97 -25 172 -128 -247 47 -35 2 -108 -133 186 -12 176 -220 -212 207 -19 79 -40 -135 -45 -159 247 -240 -176 182 -74 -181 -238 -61 152 83 80 -207 -152 -11 242 -200 6 -154 150 77 -113 202 -173 -142 17 -245 -166 -246 -144 40 197 50 -249 -115 168 -81 -131 122 163 -146 235 106 53 -228 -178 -110 -8 -69 130 -250 -219 70 131 -80 204 225
TEST 3 ARG:165 -45 -104 -234 -110 -140 142 -188 -62 -206 -116 151 23 62 208 16 179 -181 -145 180 -230 74 -134 155 -183 -74 -82 -42 109 234 148 87 125 242 209 68 7 -10 41 -11 63 -156 -58 8 -219 -155 -165 191 86 -2 47 -186 77 230 15 -100 -226 10 31 -5 -207 -50 132 38 202 -121 -201 -32 -148 -84 154 0 238 120 -90 -98 -43 -163 92 -224 135 -168 -15 -239 -68 -38 122 -125 215 181 -141 -177 134 159 240 189 -210 -27 -53 -30 133 140 -70 -29 -136 -54 -3 -184 -122 199 -214 -225 210 22 -17 -193 -56 -108 -22 -123 -171 150 131 -28 -249 -67 -51 146 -26 205 -229 -73 -199 -63 -213 -135 227 -211 94 236 -195 214 167 19 141 -25 -220 53 -235 -55 216 -75 -217 119 158 139 -191 235 241 226 212 162 -126 243 123 153 -205 14 -69 201 169 37 -246 -153 -72 124 58 200 13 177 27 -129 55 182 -31 -150 -89 100 129 4 130 -212 163 222 105 170 149 -13 -162 -40 176 239 -103 106 25 -144 213 178 -49 112 -109 -237 116 36 -179 136 127 118 126 -35 33 172 -41 -178 -182 -132 -114 -4 128 -231 186 -24 161 -60 65 76 -37 3 160 147 -189 -200 84 194 -242 9 51 156 -9 -169 88 -46 193 206 248 32 218 -176 117 138 -154 -39 -94 -86 102 -119 -203 190 197 211 204 52 152 -1 -78 95 207 -61 -47 -196 104 -107 114 -248 219 -59 97 -133 -202 -20 -34 -216 -64 -8 -209 50 -167 217 -111 11 -16 85 184 113 44 -44 173 -158 -96 249 81 -83 157 -245 220 203 -65 192 245 -99 42 246 233 -120 91 71 73 195 -222 -131 54 28 223 -187 145 103 108 2 -7 -71 -33 21 -115 -21 -142 -95 237 -118 78 -14 -85 228 -241 101 221 64 72 99 -128 -173 43 198 -36 -52 -146 -137 -23 -164 70 -232 45 -152 -166 -244 188 164 -170 -149 -159 -147 -157 -101 196 121 175 -240 144 -190 -238 -112 -91 143 -106 89 -117 66 232 -92 115 -192 49 -194 -151 -197 90 -236 -204 137 6 110 -227 93 1 17 -185 -161 111 96 -223 -57 -172 -105 -208 -81 -221 -87 -198 75 34 46 83 183 26 229 61 -97 -113 5 82 224 -79 -174 80 187 -80 -102 39 -218 -76 -250 -124 225 -12 40 48 24 -233 -180 69 -243 56 247 -160 -139 79 59 -19 20 29 185 57 174 30 -247 -215 60 244 -6 18 67 -127 98 166 -93 171 168 -88 231 -130 -77 -228 35 -143 107 -48 -175 -18 12 -66 -138
TEST 4 ARG:21 26 -47 185 -218 -184 220 -63 19 -1 7 74 -152 -57 -27 108 -95 -7 120 -203 167 -139 -165 204 -177 10 241 193 -192 -244 155 -85 -66 230 80 -71 79 112 -167 89 55 171 -207 217 -77 -183 132 -154 66 99 53 -105 35 -20 -93 -236 46 156 -206 -144 221 -75 93 16 207 196 -6 -44 87 30 -140 198 -190 -122 -61 189 -48 -76 176 137 197 -103 -179 -49 199 232 -104 62 28 -248 133 -188 148 -40 -84 -8 -90 139 -62 102 72 -15 -217 -98 49 38 244 -126 -55 -115 12 -102 168 235 -46 -220 -3 -10 -70 129 -113 240 50 182 -86 -68 229 114 -29 -65 63 236 227 20 152 -124 -243 -112 31 59 -176 -173 249 -25 2 43 -58 -178 173 -74 -35 -110 -187 -172 -99 -50 124 -181 201 121 -246 -51 165 159 -193 84 -234 210 -233 -161 179 57 42 242 92 -221 144 154 191 -199 -156 -200 -150 243 116 238 175 -33 166 -229 -125 -164 -100 76 -106 -19 203 95 -83 -119 -219 -5 -13 1 -42 14 -36 192 181 146 103 109 123 44 -136 -214 -189 -109 158 105 18 -31 36 -127 9 70 -215 218 -149 -39 -121 -226 78 224 -67 -146 113 134 -204 -216 -222 194 213 4 -129 -162 -120 39 180 157 45 -208 60 -175 177 33 -157 -249 162 130 97 -111 83 208 -130 107 -250 164 214 -141 149 216 -114 150 145 -116 -211 51 172 140 234 -230 183 -43 -168 -69 -191 -225 223 -32 228 91 -4 -155 47 69 94 -79 0 128 138 -242 -245 56 32 -53 143 -148 73 -213 -205 -21 -78 -54 81 125 237 211 -142 245 -14 11 -123 115 233 -91 -107 -239 131 6 41 88 -153 200 3 -23 -92 -232 -38 -180 24 52 -89 141 122 29 202 -30 100 90 -201 -196 -18 -137 -224 -81 -117 -212 178 -159 -166 -134 111 195 190 54 -195 -60 -182 -228 -247 -80 64 222 -231 -138 -186 -135 -185 -128 -132 -28 160 -197 184 163 68 -238 -56 -96 -235 -11 -202 -160 136 85 -45 -64 -37 -147 -209 17 -97 71 -34 188 -145 -241 225 25 -41 -151 13 219 96 -9 -2 209 -12 27 117 -73 15 212 -87 -143 82 -22 -227 75 37 34 -88 -26 77 40 -17 65 67 -223 23 -94 206 101 22 -210 48 -237 246 -240 215 -101 239 58 -133 170 -59 -194 -118 174 -16 153 127 186 135 187 -158 104 205 61 86 98 248 118 142 -52 5 -198 110 169 -131 126 -170 147 231 -171 119 -24 161 -72 247 106 151 -163 8 -108 -169 -174 -82 226
TEST 5 ARG:28 131 -43 64 -45 -32 118 155 123 43 98 9 -204 -2 241 -163 -67 134 62 -28 126 -101 -247 85 -239 -191 -147 -133 208 210 -38 189 -80 -124 41 94 -161 22 12 59 122 76 162 -123 -17 -88 -99 -224 7 114 232 -25 -97 -153 -122 14 -92 -47 -42 178 132 51 11 -141 -145 37 -176 -210 167 56 -26 -126 -146 227 77 -219 -75 90 245 -118 31 21 -160 235 217 -12 -190 107 74 -33 -202 111 147 88 -84 209 -220 72 -27 -148 176 96 112 -164 19 13 215 103 204 -128 -129 230 -116 228 166 236 -178 218 168 199 -240 127 188 -234 73 49 36 45 47 157 194 -169 79 4 -52 -211 -1 249 180 165 3 -172 71 -125 63 39 182 143 -65 172 -66 27 -166 44 140 -9 -109 35 10 231 179 -235 221 8 -181 137 -140 89 -183 95 15 -112 -30 110 161 -91 226 -199 65 -117 -58 -13 93 -150 -201 139 237 -24 -15 108 -246 -236 26 -79 -196 81 -158 -179 -200 2 -48 30 244 -188 196 -73 -119 185 -35 -214 173 -10 200 -62 -189 80 -228 214 171 -93 119 -159 -7 32 -225 70 -106 -6 -242 144 42 18 146 -244 -4 -229 -76 124 83 -154 -110 -20 -81 -208 40 145 -185 -3 169 66 -157 -152 -135 197 128 184 -29 142 201 58 -237 -121 33 239 238 -115 -175 -226 233 -194 -102 -44 61 -16 -61 -69 87 -90 -120 -223 23 -143 -230 -205 -221 101 68 -227 55 -82 177 -49 0 -130 149 183 -56 129 -87 -151 -212 -103 75 191 135 -22 229 159 1 20 -180 -238 99 247 -54 -215 97 -168 -74 -170 -195 170 -21 -216 158 225 5 224 192 105 91 152 -248 -182 -174 202 78 203 -104 207 -177 -41 187 -243 136 -193 84 52 -46 -60 86 -107 -231 206 -187 -85 223 38 -23 -14 -68 195 117 -8 116 -113 181 -249 240 -70 -34 109 -50 -192 164 -131 67 34 248 -144 -207 213 156 -250 -36 -86 -165 -156 -63 234 -57 -19 -142 -83 154 198 92 -100 -155 50 -94 -127 163 -59 -232 -72 113 -245 -37 -233 -5 -78 -162 153 24 -139 219 216 -55 160 54 -71 -89 16 -184 57 -95 211 -96 -18 -186 106 125 53 46 60 29 121 151 -98 17 -197 -138 -11 205 -136 133 222 -31 -218 -53 150 100 -77 -167 138 -40 -241 175 193 190 -105 -64 -111 6 -108 102 -173 115 -217 -137 130 -149 -213 -132 -222 120 -39 -171 220 -206 -209 246 212 -51 -198 69 243 -134 25 104 242 186 -203 82 -114 148 141 174 48
TEST 6 ARG:108 -224 -113 35 -56 196 -141 -214 165 -184 -175 -244 -64 11 236 123 65 -206 52 82 101 216 156 43 71 -28 -146 95 -183 -176 -133 -128 -97 155 93 -15 -236 184 -88 -110 -33 -129 231 -235 -144 -215 -192 -108 -170 -138 -26 105 -25 17 -240 81 -1 88 79 80 94 -10 -237 175 137 -156 102 91 205 92 -140 48 -29 -23 8 210 -86 15 -62 -226 201 20 -243 -65 240 22 224 -173 -8 85 140 -238 104 131 -58 132 249 24 -117 143 86 129 -71 169 -124 127 111 -42 141 -178 -77 90 248 -142 -123 -32 -95 -222 74 149 -239 -36 -179 -50 -81 -102 51 -210 135 118 75 -90 -46 183 -45 -194 28 170 -121 -212 179 185 -119 -217 -100 63 47 -49 -242 223 -223 -250 148 181 -67 139 162 38 45 41 221 -66 73 2 18 -131 77 -204 -94 -31 -107 10 188 203 -149 142 5 197 -241 217 0 173 213 -166 122 172 -99 121 126 -132 -91 -18 67 -13 190 -137 -61 -165 -218 -189 76 247 -163 100 -9 -17 -96 -188 176 239 -147 -232 -150 -191 21 -41 -74 -208 -182 -248 -30 164 32 42 -87 159 225 66 -186 103 33 178 134 119 56 -127 235 -207 -190 -14 -22 68 227 -68 34 -162 69 -203 228 -168 98 136 218 29 -219 40 55 16 128 -39 -185 -69 -54 -60 133 209 -172 -158 4 13 96 30 207 46 -200 151 112 -75 -171 61 -19 -37 157 -201 44 -159 -161 233 152 -35 120 -231 -93 -151 182 -160 87 206 243 154 1 -195 -12 113 -76 229 -181 -103 -72 180 -78 -228 -180 -246 -80 237 -135 161 110 -177 -227 -120 37 -20 138 146 -247 -51 160 -234 -225 220 -24 -57 106 -169 70 -126 -130 -202 212 -139 -125 58 83 -199 6 232 125 -59 -143 238 153 31 -233 174 226 -152 167 -230 -249 60 -213 246 107 -114 -85 -155 241 211 -216 -245 -70 130 -229 -115 14 -164 245 -145 89 -43 -52 -205 -106 214 194 171 -154 12 9 -79 177 62 200 208 -27 25 -53 116 -118 -6 -211 -63 57 187 158 -148 -122 -196 198 53 78 -136 -7 -4 -40 186 242 -198 222 -73 199 -11 27 -48 72 -5 -111 163 166 -92 64 -82 -153 -109 189 147 -21 99 -193 -2 -104 117 23 202 -3 195 -16 -112 3 -116 244 168 54 234 -44 145 -167 -47 115 84 -34 39 204 97 19 124 114 -101 193 219 -197 230 -105 -38 150 215 109 36 -83 192 -157 -98 -220 -134 26 -221 -174 49 50 -187 -84 -209 191 -89 59 144 7 -55
TEST 7 ARG:-61 51 15 -86 -240 62 -229 -223 86 -9 247 -123 -91 232 -52 -10 222 -170 155 216 65 206 -77 -151 -8 66 -200 -177 235 -236 -176 -135 -239 -132 19 98 26 223 -20 -219 -147 -215 -38 61 183 193 -152 201 120 50 105 -85 -59 215 188 70 -164 -23 125 -16 41 119 107 -56 144 24 -63 -166 106 52 -84 100 145 -131 -196 133 246 8 -190 -121 -88 9 35 173 -243 56 -230 -104 -126 -87 20 94 221 25 -122 140 7 30 -198 -125 217 -218 -57 -165 141 -36 225 31 54 -71 47 -97 -144 -115 -143 233 38 -24 192 -172 -105 21 -12 111 -47 -3 212 97 -117 -6 -45 154 -106 238 -211 -13 87 -33 -80 194 244 146 -174 -181 153 74 242 200 -210 -94 249 -145 53 205 -28 -179 40 -169 211 226 -241 48 -194 -29 -250 22 64 227 -212 -157 -49 170 -220 122 -186 -226 199 -108 118 -15 109 -216 -60 -171 231 -133 -137 -182 -32 -78 -183 169 -149 -69 -206 82 135 -221 -195 34 -163 240 148 92 -197 -89 -225 -140 -227 -199 167 14 137 85 -113 -233 71 73 58 -27 -7 90 -30 33 129 126 -76 -235 44 96 -120 213 127 136 218 123 128 68 151 95 224 229 -160 91 -136 -96 124 203 -46 108 -193 -139 -50 -98 -116 46 182 -72 88 -175 230 -65 198 165 134 -217 -156 -184 -67 -141 163 160 -188 -202 -54 -128 -110 93 28 -192 23 76 -39 -95 234 -4 -237 -22 -44 77 11 139 -162 113 45 -100 -31 -138 -40 75 -130 236 -17 -92 -5 -103 204 -213 239 -249 112 -66 156 -111 -51 -155 150 -74 -42 208 -58 -224 189 -11 0 18 168 17 59 -124 172 102 157 -231 219 -180 -189 -93 -102 187 63 237 248 -150 -204 214 84 191 12 -127 -159 -82 -242 -109 116 13 -18 184 -73 162 39 220 27 -146 -232 190 -187 -107 43 103 147 104 -34 -158 196 -62 -83 67 1 130 180 -99 -234 -209 2 -244 -21 -154 210 -129 79 5 32 -53 -112 -247 -208 -238 115 3 83 29 166 16 10 195 228 -173 -114 -43 -1 -19 -119 -35 185 37 -75 121 78 117 -185 -81 177 -41 -55 164 -228 -168 -142 -248 171 178 -222 80 -79 49 149 -214 243 55 202 152 89 60 42 -90 36 174 -245 -2 -207 -153 131 209 72 -203 -37 -205 175 -134 181 176 81 197 -70 161 -26 101 69 114 110 -191 -48 143 -64 186 57 245 142 179 -148 -101 -246 -161 -118 158 -167 -68 6 99 -14 132 -25 241 159 -178 4 -201 138 207
